TABLE NO.  4
 ID              TYPE            DV              PRED            RES             WRES
   1.0000000       2.0000000       59.000000       21.973433       37.026567       2.6241284
   1.0000000       0.0000000       0.0000000       21.973433       0.0000000       0.0000000
   1.0000000       2.0000000       25.325505       19.488519       5.8369857     -0.27259665
   1.0000000       2.0000000       16.720765       17.587196     -0.86643129     -0.96289087
   1.0000000       2.0000000       7.0719483       15.985565      -8.9136169      -1.8850931
   1.0000000       2.0000000       5.7165072       12.221108      -6.5046003      -1.6188769
   1.0000000       2.0000000       4.9529950       9.7276787      -4.7746837      -1.3517777
   1.0000000       2.0000000       13.000000       7.6751609       5.3248391      9.70279761E-02
   1.0000000       2.0000000       17.000000       7.5422933       9.4577067      0.64082107
   1.0000000       2.0000000       18.000000       8.9168279       9.0831721      0.48508691
   1.0000000       2.0000000       41.000000       15.680987       25.319013       1.9861178
   1.0000000       2.0000000       31.000000       19.261007       11.738993      0.28710317
   1.0000000       2.0000000       27.852926       20.817325       7.0356011     -0.21312466
   1.0000000       2.0000000       44.098818       21.481261       22.617557       1.2813137
   1.0000000       2.0000000       46.191638       21.763935       24.427702       1.4414243
   2.0000000       2.0000000       131.00000       21.973433       109.02657       4.2653362
   2.0000000       0.0000000       0.0000000       21.973433       0.0000000       0.0000000
   2.0000000       2.0000000       79.068278       19.702591       59.365688     -0.41362402
   2.0000000       2.0000000       95.046882       17.996928       77.049954       1.4430246
   2.0000000       2.0000000       82.462094       16.577283       65.884810      0.17954537
   2.0000000       2.0000000       85.116497       13.275010       71.841487      0.78948046
   2.0000000       2.0000000       103.49381       11.120747       92.373066       3.4359035
   2.0000000       2.0000000       75.000000       9.3938221       65.606178     -0.16352524
   2.0000000       2.0000000       78.000000       9.3553525       68.644647      0.19970341
   2.0000000       2.0000000       86.000000       10.596504       75.403496       1.0749404
   2.0000000       2.0000000       91.000000       16.511912       74.488088      0.94052132
   2.0000000       2.0000000       118.70575       19.620121       99.085633       3.4707745
   2.0000000       2.0000000       122.00000       20.970431       101.02957       3.5721894
   2.0000000       2.0000000       0.0000000       21.546443       0.0000000       0.0000000
   2.0000000       2.0000000       96.212178       21.791681       74.420498      0.99046644
   3.0000000       2.0000000       22.389787       21.973433      0.41635409      0.33006803
   3.0000000       0.0000000       0.0000000       21.973433       0.0000000       0.0000000
   3.0000000       2.0000000       14.884615       19.122672      -4.2380569     -0.17033920
   3.0000000       2.0000000       15.949170       16.842492     -0.89332127      0.14673704
   3.0000000       2.0000000       18.658668       14.883796       3.7748723      0.66946650
   3.0000000       2.0000000       12.014633       10.188704       1.8259297      0.36053968
   3.0000000       2.0000000       6.4520731       6.9839026     -0.53182944     -4.57948214E-02
   3.0000000       2.0000000       8.0000000       4.2060622       3.7939378      0.48026182
   3.0000000       2.0000000       6.0000000       3.8035095       2.1964905      0.25941702
   3.0000000       2.0000000       4.0000000       5.4109880      -1.4109880     -0.17690577
   3.0000000       2.0000000       7.7133686       13.922696      -6.2093272     -0.50948468
   3.0000000       2.0000000       12.535847       18.500048      -5.9642013     -0.34086852
   3.0000000       2.0000000       12.373425       20.492847      -8.1194219     -0.50952570
   3.0000000       2.0000000       10.942780       21.343120      -10.400340     -0.70852869
   3.0000000       2.0000000       13.417395       21.705134      -8.2877386     -0.49696115
   4.0000000       2.0000000       18.208157       21.973433      -3.7652763      0.21007537
   4.0000000       0.0000000       0.0000000       21.973433       0.0000000       0.0000000
   4.0000000       2.0000000       6.2623455       17.329504      -11.067158     -0.52943998
   4.0000000       2.0000000       3.6900478       13.283343      -9.5932948     -0.37070477
   4.0000000       2.0000000       3.0678370       9.5754702      -6.5076332      6.01676564E-02
   4.0000000       2.0000000      0.30958386       0.0000000      0.30958386      0.30958386
   4.0000000       2.0000000      0.24106047       0.0000000      0.24106047      0.24106047
   4.0000000       2.0000000       1.7937816       0.0000000       1.7937816       1.7937816
   4.0000000       2.0000000      0.21606161       0.0000000      0.21606161      0.21606161
   4.0000000       2.0000000       1.3606997       0.0000000       1.3606997       1.3606997
   4.0000000       2.0000000      0.51765946       0.0000000      0.51765946      0.51765946
   4.0000000       2.0000000       3.5488119       12.206034      -8.6572225     -0.17029737
   4.0000000       2.0000000       5.3748642       17.806076      -12.431212     -0.62244297
   4.0000000       2.0000000       0.0000000       20.199136       0.0000000       0.0000000
   4.0000000       2.0000000       0.0000000       21.218178       0.0000000       0.0000000
   5.0000000       2.0000000       35.114337       21.973433       13.140904       1.1202610
   5.0000000       0.0000000       0.0000000       21.973433       0.0000000       0.0000000
   5.0000000       2.0000000       9.1167109       17.929619      -8.8129085      -1.0974573
   5.0000000       2.0000000       6.1501215       14.504893      -8.3547718      -1.1788627
   5.0000000       2.0000000       5.2578254       11.428987      -6.1711612      -1.0071462
   5.0000000       2.0000000       5.7906634       3.6050742       2.1855892      3.07874430E-02
   5.0000000       2.0000000       2.5611028       0.0000000       2.5611028       2.5611028
   5.0000000       2.0000000       4.9422547       0.0000000       4.9422547       4.9422547
   5.0000000       2.0000000       2.3138549       0.0000000       2.3138549       2.3138549
   5.0000000       2.0000000       3.1100000       0.0000000       3.1100000       3.1100000
   5.0000000       2.0000000       19.234625       6.4435271       12.791098       1.0939164
   5.0000000       2.0000000       29.299947       15.245854       14.054093       1.2301814
   5.0000000       2.0000000       23.703020       19.104451       4.5985697      0.22207713
   5.0000000       2.0000000       0.0000000       20.751997       0.0000000       0.0000000
   5.0000000       2.0000000       0.0000000       21.453514       0.0000000       0.0000000
   6.0000000       2.0000000       35.992452       21.973433       14.019020      0.95844659
   6.0000000       0.0000000       0.0000000       21.973433       0.0000000       0.0000000
   6.0000000       2.0000000       26.574742       19.498513       7.0762294      0.32170389
   6.0000000       2.0000000       15.320000       17.608743      -2.2887430     -0.70148261
   6.0000000       2.0000000       16.947025       16.017906      0.92911892     -0.38110519
   6.0000000       2.0000000       24.478261       12.281103       12.197158      0.98025803
   6.0000000       2.0000000       11.000000       9.8082591       1.1917409     -0.48164960
   6.0000000       2.0000000       13.928292       7.7759577       6.1523343      0.16522996
   6.0000000       2.0000000       10.274855       7.6496718       2.6251835     -0.32571964
   6.0000000       2.0000000       21.000694       9.0168035       11.983890      0.94882143
   6.0000000       2.0000000       22.831810       15.730710       7.1010991      0.30602391
   6.0000000       2.0000000       17.461440       19.282508      -1.8210678     -0.61276606
   6.0000000       2.0000000       0.0000000       20.826492       0.0000000       0.0000000
   6.0000000       2.0000000       0.0000000       21.485164       0.0000000       0.0000000
   6.0000000       2.0000000       0.0000000       21.765597       0.0000000       0.0000000
   7.0000000       2.0000000       46.288976       21.973433       24.315543       2.3492721
   7.0000000       0.0000000       0.0000000       21.973433       0.0000000       0.0000000
   7.0000000       2.0000000       2.9313433       16.698864      -13.767520      -1.3248392
   7.0000000       2.0000000      0.70000000       12.005481      -11.305481     -0.99214939
   7.0000000       2.0000000      0.40000000       7.6195970      -7.2195970     -0.27948916
   7.0000000       2.0000000      0.18877355       0.0000000      0.18877355      0.18877355
   7.0000000       2.0000000      0.32175623       0.0000000      0.32175623      0.32175623
   7.0000000       2.0000000      5.90570120E-02   0.0000000      5.90570120E-02  5.90570120E-02
   7.0000000       2.0000000       0.0000000       0.0000000       0.0000000       0.0000000
   7.0000000       2.0000000       0.0000000       0.0000000       0.0000000       0.0000000
   7.0000000       2.0000000       0.0000000       0.0000000       0.0000000       0.0000000
   7.0000000       2.0000000       0.0000000       5.6404912       0.0000000       0.0000000
   7.0000000       2.0000000       0.0000000       14.995843       0.0000000       0.0000000
   7.0000000       2.0000000       0.0000000       19.002252       0.0000000       0.0000000
   7.0000000       2.0000000       0.0000000       20.708690       0.0000000       0.0000000
