TABLE NO.  3
 ID              TIME            DV              IPRED           EVID            CWRES           IWRES           DOSE            WT              AMT
   1.0000000       0.0000000       59.000000       34.236915       0.0000000       2.0290249       1.7869939      0.10000000       90.000000       0.0000000
   1.0000000       0.0000000       0.0000000       34.236915       1.0000000       0.0000000      -2.4706598      0.10000000       90.000000       9.0000000
   1.0000000       24.000000       25.325505       29.998467       0.0000000     -0.19159591     -0.38486299      0.10000000       90.000000       0.0000000
   1.0000000       48.000000       16.720765       26.855112       0.0000000     -0.77514009     -0.93235599      0.10000000       90.000000       0.0000000
   1.0000000       72.000000       7.0719483       24.257269       0.0000000      -1.6222347      -1.7503652      0.10000000       90.000000       0.0000000
   1.0000000       144.00000       5.7165072       18.281473       0.0000000      -1.6306048      -1.6980993      0.10000000       90.000000       0.0000000
   1.0000000       216.00000       4.9529950       14.488033       0.0000000      -1.5858393      -1.6260202      0.10000000       90.000000       0.0000000
   1.0000000       336.00000       13.000000       11.701239       0.0000000      0.31083254      0.27422717      0.10000000       90.000000       0.0000000
   1.0000000       504.00000       17.000000       12.249354       0.0000000       1.0264342      0.95819185      0.10000000       90.000000       0.0000000
   1.0000000       672.00000       18.000000       15.065389       0.0000000      0.60197016      0.48126377      0.10000000       90.000000       0.0000000
   1.0000000       1344.0000       41.000000       26.460438       0.0000000       1.6099409       1.3575857      0.10000000       90.000000       0.0000000
   1.0000000       2016.0000       31.000000       31.467145       0.0000000      0.23032184     -3.66781712E-02  0.10000000       90.000000       0.0000000
   1.0000000       2688.0000       27.852926       33.265778       0.0000000     -0.14367244     -0.40201419      0.10000000       90.000000       0.0000000
   1.0000000       3360.0000       44.098818       33.897105       0.0000000      0.99399074      0.74357269      0.10000000       90.000000       0.0000000
   1.0000000       4032.0000       46.191638       34.118044       0.0000000       1.1202202      0.87430986      0.10000000       90.000000       0.0000000
   2.0000000       0.0000000       131.00000       89.573398       0.0000000       1.4454152       1.1426499      0.10000000       111.00000       0.0000000
   2.0000000       0.0000000       0.0000000       89.573398       1.0000000       0.0000000      -2.4706598      0.10000000       111.00000       11.100000
   2.0000000       24.000000       79.068278       85.615589       0.0000000      9.48234542E-02 -0.18893962      0.10000000       111.00000       0.0000000
   2.0000000       48.000000       95.046882       83.470102       0.0000000      0.61647772      0.34266502      0.10000000       111.00000       0.0000000
   2.0000000       72.000000       82.462094       81.983312       0.0000000      0.28144379      1.44286323E-02  0.10000000       111.00000       0.0000000
   2.0000000       144.00000       85.116497       78.671793       0.0000000      0.45347519      0.20239364      0.10000000       111.00000       0.0000000
   2.0000000       216.00000       103.49381       76.562544       0.0000000       1.1092819      0.86906729      0.10000000       111.00000       0.0000000
   2.0000000       336.00000       75.000000       74.983184       0.0000000      0.23236625      5.54076812E-04  0.10000000       111.00000       0.0000000
   2.0000000       504.00000       78.000000       75.224934       0.0000000      0.32477409      9.11432306E-02  0.10000000       111.00000       0.0000000
   2.0000000       672.00000       86.000000       76.759358       0.0000000      0.53994842      0.29742932      0.10000000       111.00000       0.0000000
   2.0000000       1344.0000       91.000000       83.513864       0.0000000      0.49851100      0.22146855      0.10000000       111.00000       0.0000000
   2.0000000       2016.0000       118.70575       86.984798       0.0000000       1.1934052      0.90098145      0.10000000       111.00000       0.0000000
   2.0000000       2688.0000       122.00000       88.479000       0.0000000       1.2345853      0.93602985      0.10000000       111.00000       0.0000000
   2.0000000       3360.0000       0.0000000       89.111230       2.0000000       0.0000000      -2.4706598      0.10000000       111.00000       0.0000000
   2.0000000       4032.0000       96.212178       89.378246       0.0000000      0.49096191      0.18890861      0.10000000       111.00000       0.0000000
   3.0000000       0.0000000       22.389787       16.237766       0.0000000      0.59733135      0.93606176      0.10000000       77.000000       0.0000000
   3.0000000       0.0000000       0.0000000       16.237766       1.0000000       0.0000000      -2.4706598      0.10000000       77.000000       7.7000000
   3.0000000       24.000000       14.884615       14.577577       0.0000000     -0.23504247      5.20379961E-02  0.10000000       77.000000       0.0000000
   3.0000000       48.000000       15.949170       13.245808       0.0000000      0.26251776      0.50424173      0.10000000       77.000000       0.0000000
   3.0000000       72.000000       18.658668       12.095102       0.0000000       1.1409437       1.3407360      0.10000000       77.000000       0.0000000
   3.0000000       144.00000       12.014633       9.2943425       0.0000000      0.63631296      0.72311873      0.10000000       77.000000       0.0000000
   3.0000000       216.00000       6.4520731       7.3217660       0.0000000     -0.29220940     -0.29346953      0.10000000       77.000000       0.0000000
   3.0000000       336.00000       8.0000000       5.4830585       0.0000000       1.2122220       1.1341309      0.10000000       77.000000       0.0000000
   3.0000000       504.00000       6.0000000       4.9316193       0.0000000      0.59094208      0.53524105      0.10000000       77.000000       0.0000000
   3.0000000       672.00000       4.0000000       5.6079271       0.0000000     -0.74321328     -0.70839736      0.10000000       77.000000       0.0000000
   3.0000000       1344.0000       7.7133686       10.256595       0.0000000     -0.90875335     -0.61262507      0.10000000       77.000000       0.0000000
   3.0000000       2016.0000       12.535847       13.205555       0.0000000     -0.49032797     -0.12529735      0.10000000       77.000000       0.0000000
   3.0000000       2688.0000       12.373425       14.714419       0.0000000     -0.76672924     -0.39307019      0.10000000       77.000000       0.0000000
   3.0000000       3360.0000       10.942780       15.473082       0.0000000      -1.0903231     -0.72337461      0.10000000       77.000000       0.0000000
   3.0000000       4032.0000       13.417395       15.853941       0.0000000     -0.73799315     -0.37970850      0.10000000       77.000000       0.0000000
   4.0000000       0.0000000       18.208157       12.241253       0.0000000      0.71218689       1.2043040      0.50000000       87.000000       0.0000000
   4.0000000       0.0000000       0.0000000       12.241253       1.0000000       0.0000000      -2.4706598      0.50000000       87.000000       43.500000
   4.0000000       24.000000       6.2623455       8.6477693       0.0000000      -1.0538136     -0.68151339      0.50000000       87.000000       0.0000000
   4.0000000       48.000000       3.6900478       5.4109580       0.0000000     -0.98611835     -0.78577277      0.50000000       87.000000       0.0000000
   4.0000000       72.000000       3.0678370       2.4051517       0.0000000      0.69907133      0.68073449      0.50000000       87.000000       0.0000000
   4.0000000       144.00000      0.30958386       0.0000000       0.0000000      0.30958386      0.30958386      0.50000000       87.000000       0.0000000
   4.0000000       216.00000      0.24106047       0.0000000       0.0000000      0.24106047      0.24106047      0.50000000       87.000000       0.0000000
   4.0000000       336.00000       1.7937816       0.0000000       0.0000000       1.7937816       1.7937816      0.50000000       87.000000       0.0000000
   4.0000000       504.00000      0.21606161       0.0000000       0.0000000      0.21606161      0.21606161      0.50000000       87.000000       0.0000000
   4.0000000       672.00000       1.3606997       0.0000000       0.0000000       1.3606997       1.3606997      0.50000000       87.000000       0.0000000
   4.0000000       1344.0000      0.51765946       0.0000000       0.0000000      0.51765946      0.51765946      0.50000000       87.000000       0.0000000
   4.0000000       2016.0000       3.5488119       3.0028379       0.0000000      8.91743404E-02  0.44921368      0.50000000       87.000000       0.0000000
   4.0000000       2688.0000       5.3748642       8.0190958       0.0000000      -1.2831593     -0.81467995      0.50000000       87.000000       0.0000000
   4.0000000       3360.0000       0.0000000       10.315048       2.0000000       0.0000000      -2.4706598      0.50000000       87.000000       0.0000000
   4.0000000       4032.0000       0.0000000       11.362648       2.0000000       0.0000000      -2.4706598      0.50000000       87.000000       0.0000000
   5.0000000       0.0000000       35.114337       22.979257       0.0000000       1.3234977       1.3047268      0.50000000       100.00000       0.0000000
   5.0000000       0.0000000       0.0000000       22.979257       1.0000000       0.0000000      -2.4706598      0.50000000       100.00000       50.000000
   5.0000000       24.000000       9.1167109       20.068953       0.0000000      -1.2707065      -1.3483147      0.50000000       100.00000       0.0000000
   5.0000000       48.000000       6.1501215       17.770146       0.0000000      -1.4782763      -1.6155819      0.50000000       100.00000       0.0000000
   5.0000000       72.000000       5.2578254       15.764696       0.0000000      -1.4481939      -1.6466478      0.50000000       100.00000       0.0000000
   5.0000000       144.00000       5.7906634       10.724239       0.0000000     -0.74315015      -1.1366016      0.50000000       100.00000       0.0000000
   5.0000000       216.00000       2.5611028       6.9868898       0.0000000     -0.97823649      -1.5650188      0.50000000       100.00000       0.0000000
   5.0000000       336.00000       4.9422547       3.2851932       0.0000000       1.9952634       1.2462084      0.50000000       100.00000       0.0000000
   5.0000000       504.00000       2.3138549       2.0997073       0.0000000      0.63953437      0.25198070      0.50000000       100.00000       0.0000000
   5.0000000       672.00000       3.1100000       3.6356019       0.0000000     -7.29953330E-02 -0.35718526      0.50000000       100.00000       0.0000000
   5.0000000       1344.0000       19.234625       13.904289       0.0000000       1.0913873      0.94714999      0.50000000       100.00000       0.0000000
   5.0000000       2016.0000       29.299947       19.365037       0.0000000       1.3289701       1.2675310      0.50000000       100.00000       0.0000000
   5.0000000       2688.0000       23.703020       21.565518       0.0000000      0.27735372      0.24488362      0.50000000       100.00000       0.0000000
   5.0000000       3360.0000       0.0000000       22.427411       2.0000000       0.0000000      -2.4706598      0.50000000       100.00000       0.0000000
   5.0000000       4032.0000       0.0000000       22.763899       2.0000000       0.0000000      -2.4706598      0.50000000       100.00000       0.0000000
   6.0000000       0.0000000       35.992452       25.220687       0.0000000      0.97252306       1.0552197      0.50000000       96.000000       0.0000000
   6.0000000       0.0000000       0.0000000       25.220687       1.0000000       0.0000000      -2.4706598      0.50000000       96.000000       48.000000
   6.0000000       24.000000       26.574742       22.859128       0.0000000      0.31599885      0.40159088      0.50000000       96.000000       0.0000000
   6.0000000       48.000000       15.320000       21.139437       0.0000000     -0.76671103     -0.68014343      0.50000000       96.000000       0.0000000
   6.0000000       72.000000       16.947025       19.722752       0.0000000     -0.43479378     -0.34771401      0.50000000       96.000000       0.0000000
   6.0000000       144.00000       24.478261       16.418648       0.0000000       1.1234886       1.2128015      0.50000000       96.000000       0.0000000
   6.0000000       216.00000       11.000000       14.250073       0.0000000     -0.65532955     -0.56349358      0.50000000       96.000000       0.0000000
   6.0000000       336.00000       13.928292       12.505558       0.0000000      0.18828653      0.28108226      0.50000000       96.000000       0.0000000
   6.0000000       504.00000       10.274855       12.483027       0.0000000     -0.52250782     -0.43704480      0.50000000       96.000000       0.0000000
   6.0000000       672.00000       21.000694       13.773231       0.0000000       1.2207372       1.2964716      0.50000000       96.000000       0.0000000
   6.0000000       1344.0000       22.831810       19.852846       0.0000000      0.30536141      0.37072803      0.50000000       96.000000       0.0000000
   6.0000000       2016.0000       17.461440       22.973190       0.0000000     -0.66371842     -0.59276306      0.50000000       96.000000       0.0000000
   6.0000000       2688.0000       0.0000000       24.290681       2.0000000       0.0000000      -2.4706598      0.50000000       96.000000       0.0000000
   6.0000000       3360.0000       0.0000000       24.836351       2.0000000       0.0000000      -2.4706598      0.50000000       96.000000       0.0000000
   6.0000000       4032.0000       0.0000000       25.061879       2.0000000       0.0000000      -2.4706598      0.50000000       96.000000       0.0000000
   7.0000000       0.0000000       46.288976       27.404302       0.0000000       2.1571426       1.7025650       2.0000000       85.000000       0.0000000
   7.0000000       0.0000000       0.0000000       27.404302       1.0000000       0.0000000      -2.4706598       2.0000000       85.000000       170.00000
   7.0000000       24.000000       2.9313433       13.189917       0.0000000      -2.0087087      -1.9215773       2.0000000       85.000000       0.0000000
   7.0000000       48.000000      0.70000000       0.0000000       0.0000000      0.70000000      0.70000000       2.0000000       85.000000       0.0000000
   7.0000000       72.000000      0.40000000       0.0000000       0.0000000      0.40000000      0.40000000       2.0000000       85.000000       0.0000000
   7.0000000       144.00000      0.18877355       0.0000000       0.0000000      0.18877355      0.18877355       2.0000000       85.000000       0.0000000
   7.0000000       216.00000      0.32175623       0.0000000       0.0000000      0.32175623      0.32175623       2.0000000       85.000000       0.0000000
   7.0000000       336.00000      5.90570120E-02   0.0000000       0.0000000      5.90570120E-02  5.90570120E-02   2.0000000       85.000000       0.0000000
   7.0000000       504.00000       0.0000000       0.0000000       2.0000000       0.0000000       0.0000000       2.0000000       85.000000       0.0000000
   7.0000000       672.00000       0.0000000       0.0000000       2.0000000       0.0000000       0.0000000       2.0000000       85.000000       0.0000000
   7.0000000       1344.0000       0.0000000       0.0000000       2.0000000       0.0000000       0.0000000       2.0000000       85.000000       0.0000000
   7.0000000       2016.0000       0.0000000       0.0000000       2.0000000       0.0000000       0.0000000       2.0000000       85.000000       0.0000000
   7.0000000       2688.0000       0.0000000       7.8426697       2.0000000       0.0000000      -2.4706598       2.0000000       85.000000       0.0000000
   7.0000000       3360.0000       0.0000000       19.112344       2.0000000       0.0000000      -2.4706598       2.0000000       85.000000       0.0000000
   7.0000000       4032.0000       0.0000000       23.890670       2.0000000       0.0000000      -2.4706598       2.0000000       85.000000       0.0000000
