TABLE NO.  2
 ID              DOSE            V               CL              KA              AEFF            ETA1            ETA2            ETA3            ETA4            ETA5
   1.0000000      0.10000000       1.8067680      1.77404688E-02  4.59142244E-03   34.236915      0.44347031     -0.20682937      0.50617993       0.0000000       0.0000000
   1.0000000      0.10000000       1.8067680      1.77404688E-02  4.59142244E-03   34.236915      0.44347031     -0.20682937      0.50617993       0.0000000       0.0000000
   1.0000000      0.10000000       1.8067680      1.77404688E-02  4.59142244E-03   29.998467      0.44347031     -0.20682937      0.50617993       0.0000000       0.0000000
   1.0000000      0.10000000       1.8067680      1.77404688E-02  4.59142244E-03   26.855112      0.44347031     -0.20682937      0.50617993       0.0000000       0.0000000
   1.0000000      0.10000000       1.8067680      1.77404688E-02  4.59142244E-03   24.257269      0.44347031     -0.20682937      0.50617993       0.0000000       0.0000000
   1.0000000      0.10000000       1.8067680      1.77404688E-02  4.59142244E-03   18.281473      0.44347031     -0.20682937      0.50617993       0.0000000       0.0000000
   1.0000000      0.10000000       1.8067680      1.77404688E-02  4.59142244E-03   14.488033      0.44347031     -0.20682937      0.50617993       0.0000000       0.0000000
   1.0000000      0.10000000       1.8067680      1.77404688E-02  4.59142244E-03   11.701239      0.44347031     -0.20682937      0.50617993       0.0000000       0.0000000
   1.0000000      0.10000000       1.8067680      1.77404688E-02  4.59142244E-03   12.249354      0.44347031     -0.20682937      0.50617993       0.0000000       0.0000000
   1.0000000      0.10000000       1.8067680      1.77404688E-02  4.59142244E-03   15.065389      0.44347031     -0.20682937      0.50617993       0.0000000       0.0000000
   1.0000000      0.10000000       1.8067680      1.77404688E-02  4.59142244E-03   26.460438      0.44347031     -0.20682937      0.50617993       0.0000000       0.0000000
   1.0000000      0.10000000       1.8067680      1.77404688E-02  4.59142244E-03   31.467145      0.44347031     -0.20682937      0.50617993       0.0000000       0.0000000
   1.0000000      0.10000000       1.8067680      1.77404688E-02  4.59142244E-03   33.265778      0.44347031     -0.20682937      0.50617993       0.0000000       0.0000000
   1.0000000      0.10000000       1.8067680      1.77404688E-02  4.59142244E-03   33.897105      0.44347031     -0.20682937      0.50617993       0.0000000       0.0000000
   1.0000000      0.10000000       1.8067680      1.77404688E-02  4.59142244E-03   34.118044      0.44347031     -0.20682937      0.50617993       0.0000000       0.0000000
   2.0000000      0.10000000       5.0174240      2.60463995E-02  4.59142244E-03   89.573398       1.4052243     -9.36338515E-03  5.26479071E-02   0.0000000       0.0000000
   2.0000000      0.10000000       5.0174240      2.60463995E-02  4.59142244E-03   89.573398       1.4052243     -9.36338515E-03  5.26479071E-02   0.0000000       0.0000000
   2.0000000      0.10000000       5.0174240      2.60463995E-02  4.59142244E-03   85.615589       1.4052243     -9.36338515E-03  5.26479071E-02   0.0000000       0.0000000
   2.0000000      0.10000000       5.0174240      2.60463995E-02  4.59142244E-03   83.470102       1.4052243     -9.36338515E-03  5.26479071E-02   0.0000000       0.0000000
   2.0000000      0.10000000       5.0174240      2.60463995E-02  4.59142244E-03   81.983312       1.4052243     -9.36338515E-03  5.26479071E-02   0.0000000       0.0000000
   2.0000000      0.10000000       5.0174240      2.60463995E-02  4.59142244E-03   78.671793       1.4052243     -9.36338515E-03  5.26479071E-02   0.0000000       0.0000000
   2.0000000      0.10000000       5.0174240      2.60463995E-02  4.59142244E-03   76.562544       1.4052243     -9.36338515E-03  5.26479071E-02   0.0000000       0.0000000
   2.0000000      0.10000000       5.0174240      2.60463995E-02  4.59142244E-03   74.983184       1.4052243     -9.36338515E-03  5.26479071E-02   0.0000000       0.0000000
   2.0000000      0.10000000       5.0174240      2.60463995E-02  4.59142244E-03   75.224934       1.4052243     -9.36338515E-03  5.26479071E-02   0.0000000       0.0000000
   2.0000000      0.10000000       5.0174240      2.60463995E-02  4.59142244E-03   76.759358       1.4052243     -9.36338515E-03  5.26479071E-02   0.0000000       0.0000000
   2.0000000      0.10000000       5.0174240      2.60463995E-02  4.59142244E-03   83.513864       1.4052243     -9.36338515E-03  5.26479071E-02   0.0000000       0.0000000
   2.0000000      0.10000000       5.0174240      2.60463995E-02  4.59142244E-03   86.984798       1.4052243     -9.36338515E-03  5.26479071E-02   0.0000000       0.0000000
   2.0000000      0.10000000       5.0174240      2.60463995E-02  4.59142244E-03   88.479000       1.4052243     -9.36338515E-03  5.26479071E-02   0.0000000       0.0000000
   2.0000000      0.10000000       5.0174240      2.60463995E-02  4.59142244E-03   89.111230       1.4052243     -9.36338515E-03  5.26479071E-02   0.0000000       0.0000000
   2.0000000      0.10000000       5.0174240      2.60463995E-02  4.59142244E-03   89.378246       1.4052243     -9.36338515E-03  5.26479071E-02   0.0000000       0.0000000
   3.0000000      0.10000000       5.9950074      1.11113635E-02  4.59142244E-03   16.237766     -0.30249439      0.21443007     -0.54958049       0.0000000       0.0000000
   3.0000000      0.10000000       5.9950074      1.11113635E-02  4.59142244E-03   16.237766     -0.30249439      0.21443007     -0.54958049       0.0000000       0.0000000
   3.0000000      0.10000000       5.9950074      1.11113635E-02  4.59142244E-03   14.577577     -0.30249439      0.21443007     -0.54958049       0.0000000       0.0000000
   3.0000000      0.10000000       5.9950074      1.11113635E-02  4.59142244E-03   13.245808     -0.30249439      0.21443007     -0.54958049       0.0000000       0.0000000
   3.0000000      0.10000000       5.9950074      1.11113635E-02  4.59142244E-03   12.095102     -0.30249439      0.21443007     -0.54958049       0.0000000       0.0000000
   3.0000000      0.10000000       5.9950074      1.11113635E-02  4.59142244E-03   9.2943425     -0.30249439      0.21443007     -0.54958049       0.0000000       0.0000000
   3.0000000      0.10000000       5.9950074      1.11113635E-02  4.59142244E-03   7.3217660     -0.30249439      0.21443007     -0.54958049       0.0000000       0.0000000
   3.0000000      0.10000000       5.9950074      1.11113635E-02  4.59142244E-03   5.4830585     -0.30249439      0.21443007     -0.54958049       0.0000000       0.0000000
   3.0000000      0.10000000       5.9950074      1.11113635E-02  4.59142244E-03   4.9316193     -0.30249439      0.21443007     -0.54958049       0.0000000       0.0000000
   3.0000000      0.10000000       5.9950074      1.11113635E-02  4.59142244E-03   5.6079271     -0.30249439      0.21443007     -0.54958049       0.0000000       0.0000000
   3.0000000      0.10000000       5.9950074      1.11113635E-02  4.59142244E-03   10.256595     -0.30249439      0.21443007     -0.54958049       0.0000000       0.0000000
   3.0000000      0.10000000       5.9950074      1.11113635E-02  4.59142244E-03   13.205555     -0.30249439      0.21443007     -0.54958049       0.0000000       0.0000000
   3.0000000      0.10000000       5.9950074      1.11113635E-02  4.59142244E-03   14.714419     -0.30249439      0.21443007     -0.54958049       0.0000000       0.0000000
   3.0000000      0.10000000       5.9950074      1.11113635E-02  4.59142244E-03   15.473082     -0.30249439      0.21443007     -0.54958049       0.0000000       0.0000000
   3.0000000      0.10000000       5.9950074      1.11113635E-02  4.59142244E-03   15.853941     -0.30249439      0.21443007     -0.54958049       0.0000000       0.0000000
   4.0000000      0.50000000       4.1582722      1.35780406E-02  4.59142244E-03   12.241253     -0.58502251      8.44123109E-02 -0.21677241       0.0000000       0.0000000
   4.0000000      0.50000000       4.1582722      1.35780406E-02  4.59142244E-03   12.241253     -0.58502251      8.44123109E-02 -0.21677241       0.0000000       0.0000000
   4.0000000      0.50000000       4.1582722      1.35780406E-02  4.59142244E-03   8.6477693     -0.58502251      8.44123109E-02 -0.21677241       0.0000000       0.0000000
   4.0000000      0.50000000       4.1582722      1.35780406E-02  4.59142244E-03   5.4109580     -0.58502251      8.44123109E-02 -0.21677241       0.0000000       0.0000000
   4.0000000      0.50000000       4.1582722      1.35780406E-02  4.59142244E-03   2.4051517     -0.58502251      8.44123109E-02 -0.21677241       0.0000000       0.0000000
   4.0000000      0.50000000       4.1582722      1.35780406E-02  4.59142244E-03  -5.5606602     -0.58502251      8.44123109E-02 -0.21677241       0.0000000       0.0000000
   4.0000000      0.50000000       4.1582722      1.35780406E-02  4.59142244E-03  -11.995401     -0.58502251      8.44123109E-02 -0.21677241       0.0000000       0.0000000
   4.0000000      0.50000000       4.1582722      1.35780406E-02  4.59142244E-03  -19.444101     -0.58502251      8.44123109E-02 -0.21677241       0.0000000       0.0000000
   4.0000000      0.50000000       4.1582722      1.35780406E-02  4.59142244E-03  -23.860791     -0.58502251      8.44123109E-02 -0.21677241       0.0000000       0.0000000
   4.0000000      0.50000000       4.1582722      1.35780406E-02  4.59142244E-03  -23.271297     -0.58502251      8.44123109E-02 -0.21677241       0.0000000       0.0000000
   4.0000000      0.50000000       4.1582722      1.35780406E-02  4.59142244E-03  -7.6164809     -0.58502251      8.44123109E-02 -0.21677241       0.0000000       0.0000000
   4.0000000      0.50000000       4.1582722      1.35780406E-02  4.59142244E-03   3.0028379     -0.58502251      8.44123109E-02 -0.21677241       0.0000000       0.0000000
   4.0000000      0.50000000       4.1582722      1.35780406E-02  4.59142244E-03   8.0190958     -0.58502251      8.44123109E-02 -0.21677241       0.0000000       0.0000000
   4.0000000      0.50000000       4.1582722      1.35780406E-02  4.59142244E-03   10.315048     -0.58502251      8.44123109E-02 -0.21677241       0.0000000       0.0000000
   4.0000000      0.50000000       4.1582722      1.35780406E-02  4.59142244E-03   11.362648     -0.58502251      8.44123109E-02 -0.21677241       0.0000000       0.0000000
   5.0000000      0.50000000       4.6318186      2.85727668E-02  4.59142244E-03   22.979257      4.47578053E-02 -9.68585150E-02 -0.41791670       0.0000000       0.0000000
   5.0000000      0.50000000       4.6318186      2.85727668E-02  4.59142244E-03   22.979257      4.47578053E-02 -9.68585150E-02 -0.41791670       0.0000000       0.0000000
   5.0000000      0.50000000       4.6318186      2.85727668E-02  4.59142244E-03   20.068953      4.47578053E-02 -9.68585150E-02 -0.41791670       0.0000000       0.0000000
   5.0000000      0.50000000       4.6318186      2.85727668E-02  4.59142244E-03   17.770146      4.47578053E-02 -9.68585150E-02 -0.41791670       0.0000000       0.0000000
   5.0000000      0.50000000       4.6318186      2.85727668E-02  4.59142244E-03   15.764696      4.47578053E-02 -9.68585150E-02 -0.41791670       0.0000000       0.0000000
   5.0000000      0.50000000       4.6318186      2.85727668E-02  4.59142244E-03   10.724239      4.47578053E-02 -9.68585150E-02 -0.41791670       0.0000000       0.0000000
   5.0000000      0.50000000       4.6318186      2.85727668E-02  4.59142244E-03   6.9868898      4.47578053E-02 -9.68585150E-02 -0.41791670       0.0000000       0.0000000
   5.0000000      0.50000000       4.6318186      2.85727668E-02  4.59142244E-03   3.2851932      4.47578053E-02 -9.68585150E-02 -0.41791670       0.0000000       0.0000000
   5.0000000      0.50000000       4.6318186      2.85727668E-02  4.59142244E-03   2.0997073      4.47578053E-02 -9.68585150E-02 -0.41791670       0.0000000       0.0000000
   5.0000000      0.50000000       4.6318186      2.85727668E-02  4.59142244E-03   3.6356019      4.47578053E-02 -9.68585150E-02 -0.41791670       0.0000000       0.0000000
   5.0000000      0.50000000       4.6318186      2.85727668E-02  4.59142244E-03   13.904289      4.47578053E-02 -9.68585150E-02 -0.41791670       0.0000000       0.0000000
   5.0000000      0.50000000       4.6318186      2.85727668E-02  4.59142244E-03   19.365037      4.47578053E-02 -9.68585150E-02 -0.41791670       0.0000000       0.0000000
   5.0000000      0.50000000       4.6318186      2.85727668E-02  4.59142244E-03   21.565518      4.47578053E-02 -9.68585150E-02 -0.41791670       0.0000000       0.0000000
   5.0000000      0.50000000       4.6318186      2.85727668E-02  4.59142244E-03   22.427411      4.47578053E-02 -9.68585150E-02 -0.41791670       0.0000000       0.0000000
   5.0000000      0.50000000       4.6318186      2.85727668E-02  4.59142244E-03   22.763899      4.47578053E-02 -9.68585150E-02 -0.41791670       0.0000000       0.0000000
   6.0000000      0.50000000       6.4928225      9.55456842E-02  4.59142244E-03   25.220687      0.13783046     -3.41845561E-02 -0.11197762       0.0000000       0.0000000
   6.0000000      0.50000000       6.4928225      9.55456842E-02  4.59142244E-03   25.220687      0.13783046     -3.41845561E-02 -0.11197762       0.0000000       0.0000000
   6.0000000      0.50000000       6.4928225      9.55456842E-02  4.59142244E-03   22.859128      0.13783046     -3.41845561E-02 -0.11197762       0.0000000       0.0000000
   6.0000000      0.50000000       6.4928225      9.55456842E-02  4.59142244E-03   21.139437      0.13783046     -3.41845561E-02 -0.11197762       0.0000000       0.0000000
   6.0000000      0.50000000       6.4928225      9.55456842E-02  4.59142244E-03   19.722752      0.13783046     -3.41845561E-02 -0.11197762       0.0000000       0.0000000
   6.0000000      0.50000000       6.4928225      9.55456842E-02  4.59142244E-03   16.418648      0.13783046     -3.41845561E-02 -0.11197762       0.0000000       0.0000000
   6.0000000      0.50000000       6.4928225      9.55456842E-02  4.59142244E-03   14.250073      0.13783046     -3.41845561E-02 -0.11197762       0.0000000       0.0000000
   6.0000000      0.50000000       6.4928225      9.55456842E-02  4.59142244E-03   12.505558      0.13783046     -3.41845561E-02 -0.11197762       0.0000000       0.0000000
   6.0000000      0.50000000       6.4928225      9.55456842E-02  4.59142244E-03   12.483027      0.13783046     -3.41845561E-02 -0.11197762       0.0000000       0.0000000
   6.0000000      0.50000000       6.4928225      9.55456842E-02  4.59142244E-03   13.773231      0.13783046     -3.41845561E-02 -0.11197762       0.0000000       0.0000000
   6.0000000      0.50000000       6.4928225      9.55456842E-02  4.59142244E-03   19.852846      0.13783046     -3.41845561E-02 -0.11197762       0.0000000       0.0000000
   6.0000000      0.50000000       6.4928225      9.55456842E-02  4.59142244E-03   22.973190      0.13783046     -3.41845561E-02 -0.11197762       0.0000000       0.0000000
   6.0000000      0.50000000       6.4928225      9.55456842E-02  4.59142244E-03   24.290681      0.13783046     -3.41845561E-02 -0.11197762       0.0000000       0.0000000
   6.0000000      0.50000000       6.4928225      9.55456842E-02  4.59142244E-03   24.836351      0.13783046     -3.41845561E-02 -0.11197762       0.0000000       0.0000000
   6.0000000      0.50000000       6.4928225      9.55456842E-02  4.59142244E-03   25.061879      0.13783046     -3.41845561E-02 -0.11197762       0.0000000       0.0000000
   7.0000000       2.0000000       3.5254215      1.98410947E-02  4.60782193E-03   27.404302      0.22086586     -5.30909237E-03   1.0472517       0.0000000       0.0000000
   7.0000000       2.0000000       3.5254215      1.98410947E-02  4.60782193E-03   27.404302      0.22086586     -5.30909237E-03   1.0472517       0.0000000       0.0000000
   7.0000000       2.0000000       3.5254215      1.98410947E-02  4.60782193E-03   13.189917      0.22086586     -5.30909237E-03   1.0472517       0.0000000       0.0000000
   7.0000000       2.0000000       3.5254215      1.98410947E-02  4.60782193E-03 -9.92032909E-09  0.22086586     -5.30909237E-03   1.0472517       0.0000000       0.0000000
   7.0000000       2.0000000       3.5254215      1.98410947E-02  4.60782193E-03  -12.497692      0.22086586     -5.30909237E-03   1.0472517       0.0000000       0.0000000
   7.0000000       2.0000000       3.5254215      1.98410947E-02  4.60782193E-03  -46.680455      0.22086586     -5.30909237E-03   1.0472517       0.0000000       0.0000000
   7.0000000       2.0000000       3.5254215      1.98410947E-02  4.60782193E-03  -76.002160      0.22086586     -5.30909237E-03   1.0472517       0.0000000       0.0000000
   7.0000000       2.0000000       3.5254215      1.98410947E-02  4.60782193E-03  -114.02582      0.22086586     -5.30909237E-03   1.0472517       0.0000000       0.0000000
   7.0000000       2.0000000       3.5254215      1.98410947E-02  4.60782193E-03  -144.61481      0.22086586     -5.30909237E-03   1.0472517       0.0000000       0.0000000
   7.0000000       2.0000000       3.5254215      1.98410947E-02  4.60782193E-03  -151.28530      0.22086586     -5.30909237E-03   1.0472517       0.0000000       0.0000000
   7.0000000       2.0000000       3.5254215      1.98410947E-02  4.60782193E-03  -77.413030      0.22086586     -5.30909237E-03   1.0472517       0.0000000       0.0000000
   7.0000000       2.0000000       3.5254215      1.98410947E-02  4.60782193E-03  -18.591412      0.22086586     -5.30909237E-03   1.0472517       0.0000000       0.0000000
   7.0000000       2.0000000       3.5254215      1.98410947E-02  4.60782193E-03   7.8426697      0.22086586     -5.30909237E-03   1.0472517       0.0000000       0.0000000
   7.0000000       2.0000000       3.5254215      1.98410947E-02  4.60782193E-03   19.112344      0.22086586     -5.30909237E-03   1.0472517       0.0000000       0.0000000
   7.0000000       2.0000000       3.5254215      1.98410947E-02  4.60782193E-03   23.890670      0.22086586     -5.30909237E-03   1.0472517       0.0000000       0.0000000
