TABLE NO.  1
 ID              TIME            EVID            PRED            IPRED           RES             IRES            WRES            IWRES           CWRES           DV              MDV             C2
   1.0000000       0.0000000       0.0000000       21.973433       34.236915       37.026567       24.763085       2.6241284       1.7869939       2.0290249       59.000000       0.0000000      1.59482527E-08
   1.0000000       0.0000000       1.0000000       21.973433       34.236915       0.0000000      -34.236915       0.0000000      -2.4706598       0.0000000       0.0000000       1.0000000      1.59482527E-08
   1.0000000       24.000000       0.0000000       19.488519       29.998467       5.8369857      -4.6729622     -0.27259665     -0.38486299     -0.19159591       25.325505       0.0000000       1.5659682
   1.0000000       48.000000       0.0000000       17.587196       26.855112     -0.86643129      -10.134347     -0.96289087     -0.93235599     -0.77514009       16.720765       0.0000000       1.4025755
   1.0000000       72.000000       0.0000000       15.985565       24.257269      -8.9136169      -17.185321      -1.8850931      -1.7503652      -1.6222347       7.0719483       0.0000000       1.2562311
   1.0000000       144.00000       0.0000000       12.221108       18.281473      -6.5046003      -12.564966      -1.6188769      -1.6980993      -1.6306048       5.7165072       0.0000000      0.90260849
   1.0000000       216.00000       0.0000000       9.7276787       14.488033      -4.7746837      -9.5350375      -1.3517777      -1.6260202      -1.5858393       4.9529950       0.0000000      0.64852884
   1.0000000       336.00000       0.0000000       7.6751609       11.701239       5.3248391       1.2987614      9.70279761E-02  0.27422717      0.31083254       13.000000       0.0000000      0.37380557
   1.0000000       504.00000       0.0000000       7.5422933       12.249354       9.4577067       4.7506464      0.64082107      0.95819185       1.0264342       17.000000       0.0000000      0.17284182
   1.0000000       672.00000       0.0000000       8.9168279       15.065389       9.0831721       2.9346112      0.48508691      0.48126377      0.60197016       18.000000       0.0000000      7.99193375E-02
   1.0000000       1344.0000       0.0000000       15.680987       26.460438       25.319013       14.539562       1.9861178       1.3575857       1.6099409       41.000000       0.0000000      3.65312135E-03
   1.0000000       2016.0000       0.0000000       19.261007       31.467145       11.738993     -0.46714540      0.28710317     -3.66781712E-02  0.23032184       31.000000       0.0000000      1.66984564E-04
   1.0000000       2688.0000       0.0000000       20.817325       33.265778       7.0356011      -5.4128516     -0.21312466     -0.40201419     -0.14367244       27.852926       0.0000000      7.63288217E-06
   1.0000000       3360.0000       0.0000000       21.481261       33.897105       22.617557       10.201713       1.2813137      0.74357269      0.99399074       44.098818       0.0000000      3.48899871E-07
   1.0000000       4032.0000       0.0000000       21.763935       34.118044       24.427702       12.073594       1.4414243      0.87430986       1.1202202       46.191638       0.0000000      1.59482511E-08
   2.0000000       0.0000000       0.0000000       21.973433       89.573398       109.02657       41.426602       4.2653362       1.1426499       1.4454152       131.00000       0.0000000      1.34026970E-08
   2.0000000       0.0000000       1.0000000       21.973433       89.573398       0.0000000      -89.573398       0.0000000      -2.4706598       0.0000000       0.0000000       1.0000000      1.34026970E-08
   2.0000000       24.000000       0.0000000       19.702591       85.615589       59.365688      -6.5473108     -0.41362402     -0.18893962      9.48234542E-02   79.068278       0.0000000       1.3160184
   2.0000000       48.000000       0.0000000       17.996928       83.470102       77.049954       11.576780       1.4430246      0.34266502      0.61647772       95.046882       0.0000000       1.1787054
   2.0000000       72.000000       0.0000000       16.577283       81.983312       65.884810      0.47878185      0.17954537      1.44286323E-02  0.28144379       82.462094       0.0000000       1.0557195
   2.0000000       144.00000       0.0000000       13.275010       78.671793       71.841487       6.4447038      0.78948046      0.20239364      0.45347519       85.116497       0.0000000      0.75853991
   2.0000000       216.00000       0.0000000       11.120747       76.562544       92.373066       26.931269       3.4359035      0.86906729       1.1092819       103.49381       0.0000000      0.54501483
   2.0000000       336.00000       0.0000000       9.3938221       74.983184       65.606178      1.68159308E-02 -0.16352524      5.54076812E-04  0.23236625       75.000000       0.0000000      0.31414112
   2.0000000       504.00000       0.0000000       9.3553525       75.224934       68.644647       2.7750658      0.19970341      9.11432306E-02  0.32477409       78.000000       0.0000000      0.14525391
   2.0000000       672.00000       0.0000000       10.596504       76.759358       75.403496       9.2406425       1.0749404      0.29742932      0.53994842       86.000000       0.0000000      6.71631256E-02
   2.0000000       1344.0000       0.0000000       16.511912       83.513864       74.488088       7.4861357      0.94052132      0.22146855      0.49851100       91.000000       0.0000000      3.07003356E-03
   2.0000000       2016.0000       0.0000000       19.620121       86.984798       99.085633       31.720956       3.4707745      0.90098145       1.1934052       118.70575       0.0000000      1.40331559E-04
   2.0000000       2688.0000       0.0000000       20.970431       88.479000       101.02957       33.521000       3.5721894      0.93602985       1.2345853       122.00000       0.0000000      6.41457068E-06
   2.0000000       3360.0000       2.0000000       21.546443       89.111230       0.0000000      -89.111230       0.0000000      -2.4706598       0.0000000       0.0000000       1.0000000      2.93210724E-07
   2.0000000       4032.0000       0.0000000       21.791681       89.378246       74.420498       6.8339319      0.99046644      0.18890861      0.49096191       96.212178       0.0000000      1.34026954E-08
   3.0000000       0.0000000       0.0000000       21.973433       16.237766      0.41635409       6.1520213      0.33006803      0.93606176      0.59733135       22.389787       0.0000000      2.18289632E-08
   3.0000000       0.0000000       1.0000000       21.973433       16.237766       0.0000000      -16.237766       0.0000000      -2.4706598       0.0000000       0.0000000       1.0000000      2.18289632E-08
   3.0000000       24.000000       0.0000000       19.122672       14.577577      -4.2380569      0.30703859     -0.17033920      5.20379961E-02 -0.23504247       14.884615       0.0000000       2.1433987
   3.0000000       48.000000       0.0000000       16.842492       13.245808     -0.89332127       2.7033625      0.14673704      0.50424173      0.26251776       15.949170       0.0000000       1.9197570
   3.0000000       72.000000       0.0000000       14.883796       12.095102       3.7748723       6.5635663      0.66946650       1.3407360       1.1409437       18.658668       0.0000000       1.7194500
   3.0000000       144.00000       0.0000000       10.188704       9.2943425       1.8259297       2.7202909      0.36053968      0.72311873      0.63631296       12.014633       0.0000000       1.2354337
   3.0000000       216.00000       0.0000000       6.9839026       7.3217660     -0.53182944     -0.86969289     -4.57948214E-02 -0.29346953     -0.29220940       6.4520731       0.0000000      0.88766544
   3.0000000       336.00000       0.0000000       4.2060622       5.4830585       3.7939378       2.5169415      0.48026182       1.1341309       1.2122220       8.0000000       0.0000000      0.51164152
   3.0000000       504.00000       0.0000000       3.8035095       4.9316193       2.1964905       1.0683807      0.25941702      0.53524105      0.59094208       6.0000000       0.0000000      0.23657499
   3.0000000       672.00000       0.0000000       5.4109880       5.6079271      -1.4109880      -1.6079271     -0.17690577     -0.70839736     -0.74321328       4.0000000       0.0000000      0.10938856
   3.0000000       1344.0000       0.0000000       13.922696       10.256595      -6.2093272      -2.5432265     -0.50948468     -0.61262507     -0.90875335       7.7133686       0.0000000      5.00016244E-03
   3.0000000       2016.0000       0.0000000       18.500048       13.205555      -5.9642013     -0.66970818     -0.34086852     -0.12529735     -0.49032797       12.535847       0.0000000      2.28557955E-04
   3.0000000       2688.0000       0.0000000       20.492847       14.714419      -8.1194219      -2.3409939     -0.50952570     -0.39307019     -0.76672924       12.373425       0.0000000      1.04474091E-05
   3.0000000       3360.0000       0.0000000       21.343120       15.473082      -10.400340      -4.5303019     -0.70852869     -0.72337461      -1.0903231       10.942780       0.0000000      4.77552298E-07
   3.0000000       4032.0000       0.0000000       21.705134       15.853941      -8.2877386      -2.4365461     -0.49696115     -0.37970850     -0.73799315       13.417395       0.0000000      2.18289702E-08
   4.0000000       0.0000000       0.0000000       21.973433       12.241253      -3.7652763       5.9669039      0.21007537       1.2043040      0.71218689       18.208157       0.0000000      1.00808183E-07
   4.0000000       0.0000000       1.0000000       21.973433       12.241253       0.0000000      -12.241253       0.0000000      -2.4706598       0.0000000       0.0000000       1.0000000      1.00808183E-07
   4.0000000       24.000000       0.0000000       17.329504       8.6477693      -11.067158      -2.3854238     -0.52943998     -0.68151339      -1.0538136       6.2623455       0.0000000       9.8984149
   4.0000000       48.000000       0.0000000       13.283343       5.4109580      -9.5932948      -1.7209101     -0.37070477     -0.78577277     -0.98611835       3.6900478       0.0000000       8.8656167
   4.0000000       72.000000       0.0000000       9.5754702       2.4051517      -6.5076332      0.66268523      6.01676564E-02  0.68073449      0.69907133       3.0678370       0.0000000       7.9405803
   4.0000000       144.00000       0.0000000       0.0000000       0.0000000      0.30958386      0.30958386      0.30958386      0.30958386      0.30958386      0.30958386       0.0000000       5.7053478
   4.0000000       216.00000       0.0000000       0.0000000       0.0000000      0.24106047      0.24106047      0.24106047      0.24106047      0.24106047      0.24106047       0.0000000       4.0993217
   4.0000000       336.00000       0.0000000       0.0000000       0.0000000       1.7937816       1.7937816       1.7937816       1.7937816       1.7937816       1.7937816       0.0000000       2.3628082
   4.0000000       504.00000       0.0000000       0.0000000       0.0000000      0.21606161      0.21606161      0.21606161      0.21606161      0.21606161      0.21606161       0.0000000       1.0925254
   4.0000000       672.00000       0.0000000       0.0000000       0.0000000       1.3606997       1.3606997       1.3606997       1.3606997       1.3606997       1.3606997       0.0000000      0.50516655
   4.0000000       1344.0000       0.0000000       0.0000000       0.0000000      0.51765946      0.51765946      0.51765946      0.51765946      0.51765946      0.51765946       0.0000000      2.30912162E-02
   4.0000000       2016.0000       0.0000000       12.206034       3.0028379      -8.6572225      0.54597395     -0.17029737      0.44921368      8.91743404E-02   3.5488119       0.0000000      1.05550193E-03
   4.0000000       2688.0000       0.0000000       17.806076       8.0190958      -12.431212      -2.6442316     -0.62244297     -0.81467995      -1.2831593       5.3748642       0.0000000      4.82471063E-05
   4.0000000       3360.0000       2.0000000       20.199136       10.315048       0.0000000      -10.315048       0.0000000      -2.4706598       0.0000000       0.0000000       1.0000000      2.20538048E-06
   4.0000000       4032.0000       2.0000000       21.218178       11.362648       0.0000000      -11.362648       0.0000000      -2.4706598       0.0000000       0.0000000       1.0000000      1.00808188E-07
   5.0000000       0.0000000       0.0000000       21.973433       22.979257       13.140904       12.135080       1.1202610       1.3047268       1.3234977       35.114337       0.0000000      5.50267194E-08
   5.0000000       0.0000000       1.0000000       21.973433       22.979257       0.0000000      -22.979257       0.0000000      -2.4706598       0.0000000       0.0000000       1.0000000      5.50267194E-08
   5.0000000       24.000000       0.0000000       17.929619       20.068953      -8.8129085      -10.952242      -1.0974573      -1.3483147      -1.2707065       9.1167109       0.0000000       5.4031058
   5.0000000       48.000000       0.0000000       14.504893       17.770146      -8.3547718      -11.620024      -1.1788627      -1.6155819      -1.4782763       6.1501215       0.0000000       4.8393470
   5.0000000       72.000000       0.0000000       11.428987       15.764696      -6.1711612      -10.506871      -1.0071462      -1.6466478      -1.4481939       5.2578254       0.0000000       4.3344107
   5.0000000       144.00000       0.0000000       3.6050742       10.724239       2.1855892      -4.9335756      3.07874430E-02  -1.1366016     -0.74315015       5.7906634       0.0000000       3.1142964
   5.0000000       216.00000       0.0000000       0.0000000       6.9868898       2.5611028      -4.4257870       2.5611028      -1.5650188     -0.97823649       2.5611028       0.0000000       2.2376380
   5.0000000       336.00000       0.0000000       0.0000000       3.2851932       4.9422547       1.6570615       4.9422547       1.2462084       1.9952634       4.9422547       0.0000000       1.2897522
   5.0000000       504.00000       0.0000000       0.0000000       2.0997073       2.3138549      0.21414754       2.3138549      0.25198070      0.63953437       2.3138549       0.0000000      0.59636115
   5.0000000       672.00000       0.0000000       0.0000000       3.6356019       3.1100000     -0.52560188       3.1100000     -0.35718526     -7.29953330E-02   3.1100000       0.0000000      0.27574802
   5.0000000       1344.0000       0.0000000       6.4435271       13.904289       12.791098       5.3303362       1.0939164      0.94714999       1.0913873       19.234625       0.0000000      1.26044710E-02
   5.0000000       2016.0000       0.0000000       15.245854       19.365037       14.054093       9.9349109       1.2301814       1.2675310       1.3289701       29.299947       0.0000000      5.76151702E-04
   5.0000000       2688.0000       0.0000000       19.104451       21.565518       4.5985697       2.1375028      0.22207713      0.24488362      0.27735372       23.703020       0.0000000      2.63359558E-05
   5.0000000       3360.0000       2.0000000       20.751997       22.427411       0.0000000      -22.427411       0.0000000      -2.4706598       0.0000000       0.0000000       1.0000000      1.20381942E-06
   5.0000000       4032.0000       2.0000000       21.453514       22.763899       0.0000000      -22.763899       0.0000000      -2.4706598       0.0000000       0.0000000       1.0000000      5.50267174E-08
   6.0000000       0.0000000       0.0000000       21.973433       25.220687       14.019020       10.771765      0.95844659       1.0552197      0.97252306       35.992452       0.0000000      1.57905869E-08
   6.0000000       0.0000000       1.0000000       21.973433       25.220687       0.0000000      -25.220687       0.0000000      -2.4706598       0.0000000       0.0000000       1.0000000      1.57905869E-08
   6.0000000       24.000000       0.0000000       19.498513       22.859128       7.0762294       3.7156138      0.32170389      0.40159088      0.31599885       26.574742       0.0000000       1.5504869
   6.0000000       48.000000       0.0000000       17.608743       21.139437      -2.2887430      -5.8194372     -0.70148261     -0.68014343     -0.76671103       15.320000       0.0000000       1.3887094
   6.0000000       72.000000       0.0000000       16.017906       19.722752      0.92911892      -2.7757271     -0.38110519     -0.34771401     -0.43479378       16.947025       0.0000000       1.2438118
   6.0000000       144.00000       0.0000000       12.281103       16.418648       12.197158       8.0596127      0.98025803       1.2128015       1.1234886       24.478261       0.0000000      0.89368518
   6.0000000       216.00000       0.0000000       9.8082591       14.250073       1.1917409      -3.2500731     -0.48164960     -0.56349358     -0.65532955       11.000000       0.0000000      0.64211740
   6.0000000       336.00000       0.0000000       7.7759577       12.505558       6.1523343       1.4227336      0.16522996      0.28108226      0.18828653       13.928292       0.0000000      0.37011007
   6.0000000       504.00000       0.0000000       7.6496718       12.483027       2.6251835      -2.2081722     -0.32571964     -0.43704480     -0.52250782       10.274855       0.0000000      0.17113308
   6.0000000       672.00000       0.0000000       9.0168035       13.773231       11.983890       7.2274630      0.94882143       1.2964716       1.2207372       21.000694       0.0000000      7.91292443E-02
   6.0000000       1344.0000       0.0000000       15.730710       19.852846       7.1010991       2.9789640      0.30602391      0.37072803      0.30536141       22.831810       0.0000000      3.61700610E-03
   6.0000000       2016.0000       0.0000000       19.282508       22.973190      -1.8210678      -5.5117497     -0.61276606     -0.59276306     -0.66371842       17.461440       0.0000000      1.65333731E-04
   6.0000000       2688.0000       2.0000000       20.826492       24.290681       0.0000000      -24.290681       0.0000000      -2.4706598       0.0000000       0.0000000       1.0000000      7.55742254E-06
   6.0000000       3360.0000       2.0000000       21.485164       24.836351       0.0000000      -24.836351       0.0000000      -2.4706598       0.0000000       0.0000000       1.0000000      3.45450631E-07
   6.0000000       4032.0000       2.0000000       21.765597       25.061879       0.0000000      -25.061879       0.0000000      -2.4706598       0.0000000       0.0000000       1.0000000      1.57905871E-08
   7.0000000       0.0000000       0.0000000       21.973433       27.404302       24.315543       18.884674       2.3492721       1.7025650       2.1571426       46.288976       0.0000000      2.53106455E-07
   7.0000000       0.0000000       1.0000000       21.973433       27.404302       0.0000000      -27.404302       0.0000000      -2.4706598       0.0000000       0.0000000       1.0000000      2.53106455E-07
   7.0000000       24.000000       0.0000000       16.698864       13.189917      -13.767520      -10.258574      -1.3248392      -1.9215773      -2.0087087       2.9313433       0.0000000       26.541099
   7.0000000       48.000000       0.0000000       12.005481       0.0000000      -11.305481      0.70000000     -0.99214939      0.70000000      0.70000000      0.70000000       0.0000000       23.762453
   7.0000000       72.000000       0.0000000       7.6195970       0.0000000      -7.2195970      0.40000000     -0.27948916      0.40000000      0.40000000      0.40000000       0.0000000       21.274709
   7.0000000       144.00000       0.0000000       0.0000000       0.0000000      0.18877355      0.18877355      0.18877355      0.18877355      0.18877355      0.18877355       0.0000000       15.267949
   7.0000000       216.00000       0.0000000       0.0000000       0.0000000      0.32175623      0.32175623      0.32175623      0.32175623      0.32175623      0.32175623       0.0000000       10.957155
   7.0000000       336.00000       0.0000000       0.0000000       0.0000000      5.90570120E-02  5.90570120E-02  5.90570120E-02  5.90570120E-02  5.90570120E-02  5.90570120E-02   0.0000000       6.3031784
   7.0000000       504.00000       2.0000000       0.0000000       0.0000000       0.0000000       0.0000000       0.0000000       0.0000000       0.0000000       0.0000000       1.0000000       2.9064719
   7.0000000       672.00000       2.0000000       0.0000000       0.0000000       0.0000000       0.0000000       0.0000000       0.0000000       0.0000000       0.0000000       1.0000000       1.3402094
   7.0000000       1344.0000       2.0000000       0.0000000       0.0000000       0.0000000       0.0000000       0.0000000       0.0000000       0.0000000       0.0000000       1.0000000      6.05896922E-02
   7.0000000       2016.0000       2.0000000       5.6404912       0.0000000       0.0000000       0.0000000       0.0000000       0.0000000       0.0000000       0.0000000       1.0000000      2.73920696E-03
   7.0000000       2688.0000       2.0000000       14.995843       7.8426697       0.0000000      -7.8426697       0.0000000      -2.4706598       0.0000000       0.0000000       1.0000000      1.23837151E-04
   7.0000000       3360.0000       2.0000000       19.002252       19.112344       0.0000000      -19.112344       0.0000000      -2.4706598       0.0000000       0.0000000       1.0000000      5.59856949E-06
   7.0000000       4032.0000       2.0000000       20.708690       23.890670       0.0000000      -23.890670       0.0000000      -2.4706598       0.0000000       0.0000000       1.0000000      2.53106439E-07
