TABLE NO.  3
 ID          SEX         ETN         DV          PRED        RES         WRES
  1.0000E+00  1.0000E+00  1.0000E+00  0.0000E+00  0.0000E+00  0.0000E+00  0.0000E+00
  1.0000E+00  1.0000E+00  1.0000E+00  1.2161E+00  0.0000E+00  1.2161E+00  5.7743E-01
  1.0000E+00  1.0000E+00  1.0000E+00  1.2565E+01  9.1950E+00  3.3700E+00  1.6128E+00
  1.0000E+00  1.0000E+00  1.0000E+00  1.1218E+01  1.4244E+01 -3.0261E+00 -1.4196E+00
  1.0000E+00  1.0000E+00  1.0000E+00  1.7709E+01  1.6943E+01  7.6559E-01  3.8091E-01
  1.0000E+00  1.0000E+00  1.0000E+00  2.1925E+01  1.8312E+01  3.6128E+00  1.7305E+00
  1.0000E+00  1.0000E+00  1.0000E+00  1.6205E+01  1.8929E+01 -2.7238E+00 -1.2819E+00
  1.0000E+00  1.0000E+00  1.0000E+00  1.8692E+01  1.9121E+01 -4.2943E-01 -1.9679E-01
  1.0000E+00  1.0000E+00  1.0000E+00  2.3788E+01  1.9076E+01  4.7116E+00  2.2397E+00
  1.0000E+00  1.0000E+00  1.0000E+00  1.6475E+01  1.8899E+01 -2.4243E+00 -1.1533E+00
  1.0000E+00  1.0000E+00  1.0000E+00  1.7346E+01  1.8650E+01 -1.3041E+00 -6.2602E-01
  1.0000E+00  1.0000E+00  1.0000E+00  1.8373E+01  1.8363E+01  1.0325E-02 -6.4536E-03
  1.0000E+00  1.0000E+00  1.0000E+00  1.8252E+01  1.8056E+01  1.9576E-01  7.7161E-02
  1.0000E+00  1.0000E+00  1.0000E+00  1.8359E+01  1.7742E+01  6.1734E-01  2.7304E-01
  1.0000E+00  1.0000E+00  1.0000E+00  1.3057E+01  1.6490E+01 -3.4333E+00 -1.6660E+00
  1.0000E+00  1.0000E+00  1.0000E+00  1.5134E+01  1.3194E+01  1.9398E+00  8.5129E-01
  1.0000E+00  1.0000E+00  1.0000E+00  8.4486E+00  1.0555E+01 -2.1066E+00 -1.0891E+00
  1.0000E+00  1.0000E+00  1.0000E+00  1.0985E+01  8.4441E+00  2.5409E+00  1.1091E+00
  1.0000E+00  1.0000E+00  1.0000E+00  5.7362E+00  6.7552E+00 -1.0190E+00 -5.8284E-01
  1.0000E+00  1.0000E+00  1.0000E+00  8.4208E+00  5.4041E+00  3.0167E+00  1.3363E+00
  2.0000E+00  1.0000E+00  1.0000E+00  0.0000E+00  0.0000E+00  0.0000E+00  0.0000E+00
  2.0000E+00  1.0000E+00  1.0000E+00  1.1076E+00  0.0000E+00  1.1076E+00  5.2591E-01
  2.0000E+00  1.0000E+00  1.0000E+00  1.0152E+01  9.2004E+00  9.5156E-01  1.0743E+00
  2.0000E+00  1.0000E+00  1.0000E+00  1.1842E+01  1.4262E+01 -2.4204E+00 -1.8213E-01
  2.0000E+00  1.0000E+00  1.0000E+00  1.3557E+01  1.6978E+01 -3.4213E+00 -4.7023E-01
  2.0000E+00  1.0000E+00  1.0000E+00  1.2662E+01  1.8366E+01 -5.7036E+00 -1.4560E+00
  2.0000E+00  1.0000E+00  1.0000E+00  1.5854E+01  1.9001E+01 -3.1473E+00 -1.9494E-01
  2.0000E+00  1.0000E+00  1.0000E+00  1.5432E+01  1.9213E+01 -3.7813E+00 -4.7724E-01
  2.0000E+00  1.0000E+00  1.0000E+00  1.7372E+01  1.9187E+01 -1.8153E+00  4.5887E-01
  2.0000E+00  1.0000E+00  1.0000E+00  1.9629E+01  1.9029E+01  6.0023E-01  1.5994E+00
  2.0000E+00  1.0000E+00  1.0000E+00  1.7099E+01  1.8798E+01 -1.6985E+00  4.9638E-01
  2.0000E+00  1.0000E+00  1.0000E+00  1.4025E+01  1.8527E+01 -4.5025E+00 -8.4924E-01
  2.0000E+00  1.0000E+00  1.0000E+00  1.4696E+01  1.8238E+01 -3.5418E+00 -4.0879E-01
  2.0000E+00  1.0000E+00  1.0000E+00  1.5417E+01  1.7939E+01 -2.5224E+00  5.8836E-02
  2.0000E+00  1.0000E+00  1.0000E+00  1.3979E+01  1.6746E+01 -2.7675E+00 -1.2457E-01
  2.0000E+00  1.0000E+00  1.0000E+00  9.3259E+00  1.3575E+01 -4.2492E+00 -1.0130E+00
  2.0000E+00  1.0000E+00  1.0000E+00  6.8900E+00  1.1003E+01 -4.1126E+00 -1.1058E+00
  2.0000E+00  1.0000E+00  1.0000E+00  5.2125E+00  8.9176E+00 -3.7051E+00 -1.0463E+00
  2.0000E+00  1.0000E+00  1.0000E+00  4.1558E+00  7.2277E+00 -3.0719E+00 -8.5929E-01
  2.0000E+00  1.0000E+00  1.0000E+00  3.2563E+00  5.8580E+00 -2.6017E+00 -7.3221E-01
  3.0000E+00  1.0000E+00  0.0000E+00  0.0000E+00  0.0000E+00  0.0000E+00  0.0000E+00
  3.0000E+00  1.0000E+00  0.0000E+00 -7.3757E-02  0.0000E+00 -7.3757E-02 -3.5022E-02
  3.0000E+00  1.0000E+00  0.0000E+00  9.3116E+00  9.2161E+00  9.5502E-02 -1.0291E+00
  3.0000E+00  1.0000E+00  0.0000E+00  2.0167E+01  1.4315E+01  5.8521E+00  1.1230E+00
  3.0000E+00  1.0000E+00  0.0000E+00  2.1678E+01  1.7079E+01  4.5991E+00  2.2617E-01
  3.0000E+00  1.0000E+00  0.0000E+00  2.4841E+01  1.8520E+01  6.3213E+00  9.0002E-01
  3.0000E+00  1.0000E+00  0.0000E+00  2.1191E+01  1.9211E+01  1.9798E+00 -1.2163E+00
  3.0000E+00  1.0000E+00  0.0000E+00  2.2233E+01  1.9479E+01  2.7536E+00 -8.5374E-01
  3.0000E+00  1.0000E+00  0.0000E+00  2.5764E+01  1.9509E+01  6.2550E+00  8.3173E-01
  3.0000E+00  1.0000E+00  0.0000E+00  2.6171E+01  1.9405E+01  6.7660E+00  1.1125E+00
  3.0000E+00  1.0000E+00  0.0000E+00  2.6855E+01  1.9227E+01  7.6280E+00  1.5682E+00
  3.0000E+00  1.0000E+00  0.0000E+00  2.4440E+01  1.9009E+01  5.4315E+00  5.7558E-01
  3.0000E+00  1.0000E+00  0.0000E+00  2.2379E+01  1.8769E+01  3.6101E+00 -2.3704E-01
  3.0000E+00  1.0000E+00  0.0000E+00  1.9932E+01  1.8519E+01  1.4132E+00 -1.2275E+00
  3.0000E+00  1.0000E+00  0.0000E+00  2.1774E+01  1.7504E+01  4.2705E+00  3.3497E-01
  3.0000E+00  1.0000E+00  0.0000E+00  1.7953E+01  1.4729E+01  3.2236E+00  3.6362E-01
  3.0000E+00  1.0000E+00  0.0000E+00  1.2802E+01  1.2393E+01  4.0892E-01 -5.7112E-01
  3.0000E+00  1.0000E+00  0.0000E+00  1.1368E+01  1.0427E+01  9.4064E-01 -1.4983E-02
  3.0000E+00  1.0000E+00  0.0000E+00  1.1672E+01  8.7734E+00  2.8986E+00  1.1413E+00
  3.0000E+00  1.0000E+00  0.0000E+00  7.5140E+00  7.3818E+00  1.3216E-01 -5.9616E-03
  4.0000E+00  0.0000E+00  2.0000E+00  0.0000E+00  0.0000E+00  0.0000E+00  0.0000E+00
  4.0000E+00  0.0000E+00  2.0000E+00 -2.4017E-01  0.0000E+00 -2.4017E-01 -1.1404E-01
  4.0000E+00  0.0000E+00  2.0000E+00  8.3117E+00  9.1329E+00 -8.2124E-01  6.3756E-01
  4.0000E+00  0.0000E+00  2.0000E+00  1.2332E+01  1.4037E+01 -1.7053E+00  7.3951E-01
  4.0000E+00  0.0000E+00  2.0000E+00  9.5114E+00  1.6550E+01 -7.0389E+00 -1.5555E+00
  4.0000E+00  0.0000E+00  2.0000E+00  1.5384E+01  1.7714E+01 -2.3303E+00  7.5900E-01
  4.0000E+00  0.0000E+00  2.0000E+00  1.5128E+01  1.8121E+01 -2.9928E+00  4.3579E-01
  4.0000E+00  0.0000E+00  2.0000E+00  1.2791E+01  1.8105E+01 -5.3141E+00 -7.2224E-01
  4.0000E+00  0.0000E+00  2.0000E+00  1.1972E+01  1.7857E+01 -5.8853E+00 -1.0737E+00
  4.0000E+00  0.0000E+00  2.0000E+00  1.3333E+01  1.7485E+01 -4.1520E+00 -3.4255E-01
  4.0000E+00  0.0000E+00  2.0000E+00  1.3072E+01  1.7049E+01 -3.9773E+00 -3.5578E-01
  4.0000E+00  0.0000E+00  2.0000E+00  1.1469E+01  1.6584E+01 -5.1153E+00 -9.9278E-01
  4.0000E+00  0.0000E+00  2.0000E+00  1.1090E+01  1.6109E+01 -5.0194E+00 -1.0421E+00
  4.0000E+00  0.0000E+00  2.0000E+00  1.4601E+01  1.5635E+01 -1.0343E+00  7.5816E-01
  4.0000E+00  0.0000E+00  2.0000E+00  1.3715E+01  1.3831E+01 -1.1554E-01  8.6323E-01
  4.0000E+00  0.0000E+00  2.0000E+00  1.0035E+01  9.5335E+00  5.0145E-01  4.8280E-01
  4.0000E+00  0.0000E+00  2.0000E+00  6.7983E+00  6.5703E+00  2.2797E-01  9.3127E-03
  4.0000E+00  0.0000E+00  2.0000E+00  3.0324E+00  4.5281E+00 -1.4957E+00 -9.6280E-01
  4.0000E+00  0.0000E+00  2.0000E+00  3.8927E+00  3.1207E+00  7.7199E-01  6.5392E-02
  4.0000E+00  0.0000E+00  2.0000E+00  3.8535E+00  2.1507E+00  1.7028E+00  5.1337E-01
  5.0000E+00  1.0000E+00  0.0000E+00  0.0000E+00  0.0000E+00  0.0000E+00  0.0000E+00
  5.0000E+00  1.0000E+00  0.0000E+00  5.3430E-01  0.0000E+00  5.3430E-01  2.5370E-01
  5.0000E+00  1.0000E+00  0.0000E+00  8.8596E+00  9.1934E+00 -3.3384E-01 -5.0885E-01
  5.0000E+00  1.0000E+00  0.0000E+00  1.4427E+01  1.4239E+01  1.8806E-01 -4.6385E-01
  5.0000E+00  1.0000E+00  0.0000E+00  1.6130E+01  1.6934E+01 -8.0353E-01 -1.0535E+00
  5.0000E+00  1.0000E+00  0.0000E+00  2.4238E+01  1.8297E+01  5.9409E+00  2.0781E+00
  5.0000E+00  1.0000E+00  0.0000E+00  1.5178E+01  1.8908E+01 -3.7302E+00 -2.5574E+00
  5.0000E+00  1.0000E+00  0.0000E+00  2.2489E+01  1.9095E+01  3.3935E+00  7.9750E-01
  5.0000E+00  1.0000E+00  0.0000E+00  2.4514E+01  1.9045E+01  5.4689E+00  1.7646E+00
  5.0000E+00  1.0000E+00  0.0000E+00  2.2087E+01  1.8863E+01  3.2241E+00  6.8583E-01
  5.0000E+00  1.0000E+00  0.0000E+00  1.8739E+01  1.8609E+01  1.3042E-01 -7.9271E-01
  5.0000E+00  1.0000E+00  0.0000E+00  1.5653E+01  1.8316E+01 -2.6633E+00 -2.1267E+00
  5.0000E+00  1.0000E+00  0.0000E+00  2.1381E+01  1.8005E+01  3.3759E+00  7.3476E-01
  5.0000E+00  1.0000E+00  0.0000E+00  2.2030E+01  1.7686E+01  4.3439E+00  1.1894E+00
  5.0000E+00  1.0000E+00  0.0000E+00  2.0821E+01  1.6418E+01  4.4025E+00  1.2033E+00
  5.0000E+00  1.0000E+00  0.0000E+00  1.6266E+01  1.3088E+01  3.1778E+00  6.1827E-01
  5.0000E+00  1.0000E+00  0.0000E+00  1.2420E+01  1.0432E+01  1.9881E+00  8.7919E-02
  5.0000E+00  1.0000E+00  0.0000E+00  1.3299E+01  8.3146E+00  4.9844E+00  1.5678E+00
  5.0000E+00  1.0000E+00  0.0000E+00  1.0335E+01  6.6271E+00  3.7079E+00  1.0309E+00
  5.0000E+00  1.0000E+00  0.0000E+00  9.3872E+00  5.2821E+00  4.1051E+00  1.2936E+00
  6.0000E+00  0.0000E+00  2.0000E+00  0.0000E+00  0.0000E+00  0.0000E+00  0.0000E+00
  6.0000E+00  0.0000E+00  2.0000E+00  2.9626E-01  0.0000E+00  2.9626E-01  1.4067E-01
  6.0000E+00  0.0000E+00  2.0000E+00  1.4315E+01  9.0982E+00  5.2168E+00 -2.0113E-01
  6.0000E+00  0.0000E+00  2.0000E+00  2.7738E+01  1.3922E+01  1.3816E+01  2.5686E+00
  6.0000E+00  0.0000E+00  2.0000E+00  3.0663E+01  1.6333E+01  1.4330E+01  2.2623E+00
  6.0000E+00  0.0000E+00  2.0000E+00  2.8684E+01  1.7387E+01  1.1297E+01  6.9396E-01
  6.0000E+00  0.0000E+00  2.0000E+00  2.4885E+01  1.7682E+01  7.2030E+00 -1.1495E+00
  6.0000E+00  0.0000E+00  2.0000E+00  3.2096E+01  1.7558E+01  1.4538E+01  2.5537E+00
  6.0000E+00  0.0000E+00  2.0000E+00  2.7022E+01  1.7207E+01  9.8153E+00  5.9011E-01
  6.0000E+00  0.0000E+00  2.0000E+00  2.8394E+01  1.6737E+01  1.1657E+01  1.7676E+00
  6.0000E+00  0.0000E+00  2.0000E+00  1.9052E+01  1.6210E+01  2.8415E+00 -2.1099E+00
  6.0000E+00  0.0000E+00  2.0000E+00  2.4557E+01  1.5661E+01  8.8959E+00  1.0678E+00
  6.0000E+00  0.0000E+00  2.0000E+00  1.8485E+01  1.5108E+01  3.3768E+00 -1.2605E+00
  6.0000E+00  0.0000E+00  2.0000E+00  1.7830E+01  1.4562E+01  3.2677E+00 -1.0333E+00
  6.0000E+00  0.0000E+00  2.0000E+00  1.3155E+01  1.2527E+01  6.2831E-01 -1.3170E+00
  6.0000E+00  0.0000E+00  2.0000E+00  8.4222E+00  7.9382E+00  4.8398E-01  3.6723E-01
  6.0000E+00  0.0000E+00  2.0000E+00  4.9649E+00  5.0294E+00 -6.4522E-02  7.9228E-01
  6.0000E+00  0.0000E+00  2.0000E+00 -3.1050E-01  3.1865E+00 -3.4970E+00 -6.7287E-01
  6.0000E+00  0.0000E+00  2.0000E+00  1.4111E+00  2.0189E+00 -6.0777E-01  6.3250E-01
  6.0000E+00  0.0000E+00  2.0000E+00  1.4164E+00  1.2791E+00  1.3731E-01  8.3590E-01
  7.0000E+00  1.0000E+00  1.0000E+00  0.0000E+00  0.0000E+00  0.0000E+00  0.0000E+00
  7.0000E+00  1.0000E+00  1.0000E+00 -1.4391E+00  0.0000E+00 -1.4391E+00 -6.8332E-01
  7.0000E+00  1.0000E+00  1.0000E+00  8.5353E+00  9.1824E+00 -6.4712E-01  1.5782E-01
  7.0000E+00  1.0000E+00  1.0000E+00  1.3037E+01  1.4202E+01 -1.1651E+00  1.5261E-01
  7.0000E+00  1.0000E+00  1.0000E+00  1.1623E+01  1.6863E+01 -5.2402E+00 -1.6682E+00
  7.0000E+00  1.0000E+00  1.0000E+00  1.9103E+01  1.8190E+01  9.1337E-01  1.2967E+00
  7.0000E+00  1.0000E+00  1.0000E+00  2.2441E+01  1.8762E+01  3.6785E+00  2.6132E+00
  7.0000E+00  1.0000E+00  1.0000E+00  1.2201E+01  1.8911E+01 -6.7103E+00 -2.3380E+00
  7.0000E+00  1.0000E+00  1.0000E+00  1.8646E+01  1.8823E+01 -1.7726E-01  7.3402E-01
  7.0000E+00  1.0000E+00  1.0000E+00  1.6261E+01  1.8604E+01 -2.3433E+00 -3.3044E-01
  7.0000E+00  1.0000E+00  1.0000E+00  1.8519E+01  1.8315E+01  2.0435E-01  8.4054E-01
  7.0000E+00  1.0000E+00  1.0000E+00  1.6067E+01  1.7988E+01 -1.9213E+00 -2.0840E-01
  7.0000E+00  1.0000E+00  1.0000E+00  1.3287E+01  1.7644E+01 -4.3575E+00 -1.4047E+00
  7.0000E+00  1.0000E+00  1.0000E+00  1.5586E+01  1.7294E+01 -1.7081E+00 -1.8564E-01
  7.0000E+00  1.0000E+00  1.0000E+00  1.4131E+01  1.5914E+01 -1.7834E+00 -3.6663E-01
  7.0000E+00  1.0000E+00  1.0000E+00  1.0141E+01  1.2356E+01 -2.2149E+00 -9.0171E-01
  7.0000E+00  1.0000E+00  1.0000E+00  8.8287E+00  9.5916E+00 -7.6287E-01 -4.1880E-01
  7.0000E+00  1.0000E+00  1.0000E+00  8.5356E+00  7.4457E+00  1.0899E+00  3.3931E-01
  7.0000E+00  1.0000E+00  1.0000E+00  1.0732E+01  5.7799E+00  4.9521E+00  2.1088E+00
  7.0000E+00  1.0000E+00  1.0000E+00  5.6827E+00  4.4868E+00  1.1959E+00  2.9861E-01
  8.0000E+00  0.0000E+00  0.0000E+00  0.0000E+00  0.0000E+00  0.0000E+00  0.0000E+00
  8.0000E+00  0.0000E+00  0.0000E+00 -1.4741E+00  0.0000E+00 -1.4741E+00 -6.9994E-01
  8.0000E+00  0.0000E+00  0.0000E+00  7.9728E+00  9.1122E+00 -1.1394E+00  8.6826E-01
  8.0000E+00  0.0000E+00  0.0000E+00  8.8496E+00  1.3969E+01 -5.1190E+00 -3.2462E-01
  8.0000E+00  0.0000E+00  0.0000E+00  1.3640E+01  1.6421E+01 -2.7806E+00  1.0835E+00
  8.0000E+00  0.0000E+00  0.0000E+00  1.0014E+01  1.7519E+01 -7.5045E+00 -1.0830E+00
  8.0000E+00  0.0000E+00  0.0000E+00  1.1450E+01  1.7858E+01 -6.4081E+00 -6.0638E-01
  8.0000E+00  0.0000E+00  0.0000E+00  1.2985E+01  1.7777E+01 -4.7920E+00  5.3169E-02
  8.0000E+00  0.0000E+00  0.0000E+00  1.3505E+01  1.7467E+01 -3.9618E+00  3.0795E-01
  8.0000E+00  0.0000E+00  0.0000E+00  1.3047E+01  1.7036E+01 -3.9885E+00  1.4209E-01
  8.0000E+00  0.0000E+00  0.0000E+00  1.0564E+01  1.6544E+01 -5.9805E+00 -9.6057E-01
  8.0000E+00  0.0000E+00  0.0000E+00  1.2683E+01  1.6028E+01 -3.3450E+00  1.3578E-01
  8.0000E+00  0.0000E+00  0.0000E+00  8.6373E+00  1.5505E+01 -6.8680E+00 -1.6873E+00
  8.0000E+00  0.0000E+00  0.0000E+00  1.1059E+01  1.4987E+01 -3.9280E+00 -4.3549E-01
  8.0000E+00  0.0000E+00  0.0000E+00  8.8038E+00  1.3038E+01 -4.2346E+00 -1.0878E+00
  8.0000E+00  0.0000E+00  0.0000E+00  1.0215E+01  8.5485E+00  1.6665E+00  7.6285E-01
  8.0000E+00  0.0000E+00  0.0000E+00  9.1337E+00  5.6036E+00  3.5301E+00  1.2421E+00
  8.0000E+00  0.0000E+00  0.0000E+00  7.4354E+00  3.6732E+00  3.7622E+00  1.2296E+00
  8.0000E+00  0.0000E+00  0.0000E+00  2.7340E+00  2.4078E+00  3.2619E-01 -3.8861E-01
  8.0000E+00  0.0000E+00  0.0000E+00  3.1525E+00  1.5783E+00  1.5742E+00  2.7418E-01
  9.0000E+00  1.0000E+00  2.0000E+00  0.0000E+00  0.0000E+00  0.0000E+00  0.0000E+00
  9.0000E+00  1.0000E+00  2.0000E+00  8.7304E-01  0.0000E+00  8.7304E-01  4.1454E-01
  9.0000E+00  1.0000E+00  2.0000E+00  9.3326E+00  9.2049E+00  1.2767E-01 -1.0528E+00
  9.0000E+00  1.0000E+00  2.0000E+00  1.8401E+01  1.4277E+01  4.1235E+00  2.3868E-01
  9.0000E+00  1.0000E+00  2.0000E+00  1.8791E+01  1.7007E+01  1.7838E+00 -1.1907E+00
  9.0000E+00  1.0000E+00  2.0000E+00  2.2161E+01  1.8410E+01  3.7513E+00 -4.1231E-01
  9.0000E+00  1.0000E+00  2.0000E+00  2.5832E+01  1.9061E+01  6.7706E+00  9.5725E-01
  9.0000E+00  1.0000E+00  2.0000E+00  2.7124E+01  1.9289E+01  7.8347E+00  1.4500E+00
  9.0000E+00  1.0000E+00  2.0000E+00  2.4099E+01  1.9279E+01  4.8199E+00  3.4705E-02
  9.0000E+00  1.0000E+00  2.0000E+00  2.5978E+01  1.9136E+01  6.8419E+00  1.0269E+00
  9.0000E+00  1.0000E+00  2.0000E+00  2.6581E+01  1.8920E+01  7.6611E+00  1.4564E+00
  9.0000E+00  1.0000E+00  2.0000E+00  2.0701E+01  1.8664E+01  2.0366E+00 -1.1694E+00
  9.0000E+00  1.0000E+00  2.0000E+00  2.3277E+01  1.8389E+01  4.8882E+00  2.3147E-01
  9.0000E+00  1.0000E+00  2.0000E+00  2.4942E+01  1.8104E+01  6.8381E+00  1.2048E+00
  9.0000E+00  1.0000E+00  2.0000E+00  1.9075E+01  1.6960E+01  2.1145E+00 -8.5192E-01
  9.0000E+00  1.0000E+00  2.0000E+00  1.4777E+01  1.3897E+01  8.7996E-01 -9.6196E-01
  9.0000E+00  1.0000E+00  2.0000E+00  1.6292E+01  1.1385E+01  4.9068E+00  1.3150E+00
  9.0000E+00  1.0000E+00  2.0000E+00  1.3662E+01  9.3274E+00  4.3346E+00  1.3213E+00
  9.0000E+00  1.0000E+00  2.0000E+00  1.3293E+01  7.6415E+00  5.6515E+00  2.1573E+00
  9.0000E+00  1.0000E+00  2.0000E+00  6.0762E+00  6.2603E+00 -1.8411E-01 -4.5498E-01
  1.0000E+01  0.0000E+00  1.0000E+00  0.0000E+00  0.0000E+00  0.0000E+00  0.0000E+00
  1.0000E+01  0.0000E+00  1.0000E+00 -3.7150E-01  0.0000E+00 -3.7150E-01 -1.7640E-01
  1.0000E+01  0.0000E+00  1.0000E+00  6.5295E+00  9.1426E+00 -2.6131E+00 -2.1376E-02
  1.0000E+01  0.0000E+00  1.0000E+00  4.7900E+00  1.4069E+01 -9.2793E+00 -2.5713E+00
  1.0000E+01  0.0000E+00  1.0000E+00  1.3608E+01  1.6611E+01 -3.0028E+00  6.8477E-01
  1.0000E+01  0.0000E+00  1.0000E+00  1.5042E+01  1.7806E+01 -2.7640E+00  8.8470E-01
  1.0000E+01  0.0000E+00  1.0000E+00  1.0515E+01  1.8244E+01 -7.7291E+00 -1.4907E+00
  1.0000E+01  0.0000E+00  1.0000E+00  1.7271E+01  1.8259E+01 -9.8842E-01  1.6359E+00
  1.0000E+01  0.0000E+00  1.0000E+00  1.2888E+01  1.8042E+01 -5.1535E+00 -4.4480E-01
  1.0000E+01  0.0000E+00  1.0000E+00  1.0862E+01  1.7698E+01 -6.8357E+00 -1.3602E+00
  1.0000E+01  0.0000E+00  1.0000E+00  1.1253E+01  1.7289E+01 -6.0358E+00 -1.1022E+00
  1.0000E+01  0.0000E+00  1.0000E+00  1.5143E+01  1.6849E+01 -1.7061E+00  8.3156E-01
  1.0000E+01  0.0000E+00  1.0000E+00  1.3918E+01  1.6398E+01 -2.4797E+00  3.4438E-01
  1.0000E+01  0.0000E+00  1.0000E+00  1.1673E+01  1.5946E+01 -4.2727E+00 -6.2309E-01
  1.0000E+01  0.0000E+00  1.0000E+00  1.4497E+01  1.4214E+01  2.8275E-01  1.1209E+00
  1.0000E+01  0.0000E+00  1.0000E+00  8.3015E+00  1.0028E+01 -1.7267E+00 -6.8968E-01
  1.0000E+01  0.0000E+00  1.0000E+00  7.3889E+00  7.0737E+00  3.1524E-01 -1.5774E-01
  1.0000E+01  0.0000E+00  1.0000E+00  6.0079E+00  4.9896E+00  1.0183E+00 -1.4961E-02
  1.0000E+01  0.0000E+00  1.0000E+00  6.8062E+00  3.5195E+00  3.2867E+00  1.0103E+00
  1.0000E+01  0.0000E+00  1.0000E+00  5.6810E+00  2.4826E+00  3.1984E+00  9.9040E-01
  1.1000E+01  0.0000E+00  0.0000E+00  0.0000E+00  0.0000E+00  0.0000E+00  0.0000E+00
  1.1000E+01  0.0000E+00  0.0000E+00 -5.6842E-01  0.0000E+00 -5.6842E-01 -2.6990E-01
  1.1000E+01  0.0000E+00  0.0000E+00  1.4825E+01  9.0914E+00  5.7336E+00  9.5981E-01
  1.1000E+01  0.0000E+00  0.0000E+00  2.0806E+01  1.3900E+01  6.9059E+00  6.5992E-01
  1.1000E+01  0.0000E+00  0.0000E+00  2.2776E+01  1.6292E+01  6.4845E+00  1.0895E-01
  1.1000E+01  0.0000E+00  0.0000E+00  2.5909E+01  1.7324E+01  8.5847E+00  1.0344E+00
  1.1000E+01  0.0000E+00  0.0000E+00  2.6750E+01  1.7598E+01  9.1517E+00  1.3824E+00
  1.1000E+01  0.0000E+00  0.0000E+00  2.2268E+01  1.7454E+01  4.8141E+00 -5.1996E-01
  1.1000E+01  0.0000E+00  0.0000E+00  2.1373E+01  1.7084E+01  4.2894E+00 -5.7427E-01
  1.1000E+01  0.0000E+00  0.0000E+00  2.2413E+01  1.6596E+01  5.8168E+00  3.6066E-01
  1.1000E+01  0.0000E+00  0.0000E+00  2.0015E+01  1.6053E+01  3.9620E+00 -3.0808E-01
  1.1000E+01  0.0000E+00  0.0000E+00  2.0055E+01  1.5488E+01  4.5665E+00  1.8642E-01
  1.1000E+01  0.0000E+00  0.0000E+00  2.1338E+01  1.4922E+01  6.4163E+00  1.2641E+00
  1.1000E+01  0.0000E+00  0.0000E+00  1.7573E+01  1.4363E+01  3.2097E+00 -6.8782E-02
  1.1000E+01  0.0000E+00  0.0000E+00  1.3612E+01  1.2289E+01  1.3232E+00 -3.1065E-01
  1.1000E+01  0.0000E+00  0.0000E+00  5.6619E+00  7.6615E+00 -1.9996E+00 -7.3877E-01
  1.1000E+01  0.0000E+00  0.0000E+00  8.5935E-01  4.7756E+00 -3.9162E+00 -1.2318E+00
  1.1000E+01  0.0000E+00  0.0000E+00  2.6520E+00  2.9767E+00 -3.2470E-01  5.4645E-01
  1.1000E+01  0.0000E+00  0.0000E+00  1.9017E+00  1.8554E+00  4.6261E-02  6.5153E-01
  1.1000E+01  0.0000E+00  0.0000E+00  3.0592E-01  1.1565E+00 -8.5061E-01  1.0873E-01
  1.2000E+01  1.0000E+00  2.0000E+00  0.0000E+00  0.0000E+00  0.0000E+00  0.0000E+00
  1.2000E+01  1.0000E+00  2.0000E+00  6.9916E-01  0.0000E+00  6.9916E-01  3.3198E-01
  1.2000E+01  1.0000E+00  2.0000E+00  7.5569E+00  9.1746E+00 -1.6177E+00  1.5540E-01
  1.2000E+01  1.0000E+00  2.0000E+00  1.1316E+01  1.4176E+01 -2.8601E+00  4.6639E-02
  1.2000E+01  1.0000E+00  2.0000E+00  1.1144E+01  1.6814E+01 -5.6697E+00 -1.0559E+00
  1.2000E+01  1.0000E+00  2.0000E+00  1.2664E+01  1.8114E+01 -5.4502E+00 -8.6044E-01
  1.2000E+01  1.0000E+00  2.0000E+00  1.3131E+01  1.8660E+01 -5.5293E+00 -8.8494E-01
  1.2000E+01  1.0000E+00  2.0000E+00  1.6421E+01  1.8782E+01 -2.3614E+00  5.8919E-01
  1.2000E+01  1.0000E+00  2.0000E+00  1.4409E+01  1.8668E+01 -4.2593E+00 -3.6510E-01
  1.2000E+01  1.0000E+00  2.0000E+00  1.6692E+01  1.8424E+01 -1.7320E+00  7.6984E-01
  1.2000E+01  1.0000E+00  2.0000E+00  1.5315E+01  1.8110E+01 -2.7950E+00  1.9454E-01
  1.2000E+01  1.0000E+00  2.0000E+00  1.4247E+01  1.7760E+01 -3.5134E+00 -2.1906E-01
  1.2000E+01  1.0000E+00  2.0000E+00  9.6188E+00  1.7394E+01 -7.7755E+00 -2.3153E+00
  1.2000E+01  1.0000E+00  2.0000E+00  1.6966E+01  1.7023E+01 -5.6654E-02  1.2784E+00
  1.2000E+01  1.0000E+00  2.0000E+00  1.4428E+01  1.5568E+01 -1.1399E+00  4.9807E-01
  1.2000E+01  1.0000E+00  2.0000E+00  1.0853E+01  1.1864E+01 -1.0107E+00 -4.2181E-02
  1.2000E+01  1.0000E+00  2.0000E+00  1.2252E+01  9.0394E+00  3.2126E+00  1.5889E+00
  1.2000E+01  1.0000E+00  2.0000E+00  7.5679E+00  6.8874E+00  6.8050E-01  1.6576E-01
  1.2000E+01  1.0000E+00  2.0000E+00  5.2946E+00  5.2477E+00  4.6853E-02 -2.5441E-01
  1.2000E+01  1.0000E+00  2.0000E+00  1.4880E+00  3.9984E+00 -2.5104E+00 -1.5222E+00
  1.3000E+01  1.0000E+00  2.0000E+00  0.0000E+00  0.0000E+00  0.0000E+00  0.0000E+00
  1.3000E+01  1.0000E+00  2.0000E+00 -3.2042E-01  0.0000E+00 -3.2042E-01 -1.5214E-01
  1.3000E+01  1.0000E+00  2.0000E+00  6.7460E+00  9.1975E+00 -2.4515E+00  8.7669E-01
  1.3000E+01  1.0000E+00  2.0000E+00  8.6614E+00  1.4253E+01 -5.5912E+00  4.7758E-01
  1.3000E+01  1.0000E+00  2.0000E+00  8.3299E+00  1.6960E+01 -8.6297E+00 -4.1039E-01
  1.3000E+01  1.0000E+00  2.0000E+00  8.7517E+00  1.8337E+01 -9.5851E+00 -6.1232E-01
  1.3000E+01  1.0000E+00  2.0000E+00  6.7008E+00  1.8962E+01 -1.2262E+01 -1.8017E+00
  1.3000E+01  1.0000E+00  2.0000E+00  1.2519E+01  1.9164E+01 -6.6449E+00  8.5158E-01
  1.3000E+01  1.0000E+00  2.0000E+00  9.3268E+00  1.9128E+01 -9.8008E+00 -7.1294E-01
  1.3000E+01  1.0000E+00  2.0000E+00  1.1918E+01  1.8959E+01 -7.0411E+00  5.0323E-01
  1.3000E+01  1.0000E+00  2.0000E+00  9.9731E+00  1.8718E+01 -8.7451E+00 -4.1455E-01
  1.3000E+01  1.0000E+00  2.0000E+00  7.5797E+00  1.8439E+01 -1.0859E+01 -1.5338E+00
  1.3000E+01  1.0000E+00  2.0000E+00  7.9599E+00  1.8140E+01 -1.0180E+01 -1.3293E+00
  1.3000E+01  1.0000E+00  2.0000E+00  1.3055E+01  1.7833E+01 -4.7779E+00  1.1180E+00
  1.3000E+01  1.0000E+00  2.0000E+00  7.5450E+00  1.6608E+01 -9.0634E+00 -1.3688E+00
  1.3000E+01  1.0000E+00  2.0000E+00  1.0013E+01  1.3369E+01 -3.3561E+00  2.3728E-01
  1.3000E+01  1.0000E+00  2.0000E+00  5.4839E+00  1.0760E+01 -5.2761E+00 -1.4595E+00
  1.3000E+01  1.0000E+00  2.0000E+00  8.2221E+00  8.6600E+00 -4.3792E-01  2.8930E-01
  1.3000E+01  1.0000E+00  2.0000E+00  6.4078E+00  6.9699E+00 -5.6211E-01 -1.4386E-01
  1.3000E+01  1.0000E+00  2.0000E+00  4.9566E+00  5.6096E+00 -6.5304E-01 -4.3412E-01
  1.4000E+01  0.0000E+00  2.0000E+00  0.0000E+00  0.0000E+00  0.0000E+00  0.0000E+00
  1.4000E+01  0.0000E+00  2.0000E+00 -1.0504E+00  0.0000E+00 -1.0504E+00 -4.9875E-01
  1.4000E+01  0.0000E+00  2.0000E+00  5.8911E+00  9.1378E+00 -3.2467E+00  1.8795E-01
  1.4000E+01  0.0000E+00  2.0000E+00  7.8781E+00  1.4053E+01 -6.1754E+00 -3.0628E-01
  1.4000E+01  0.0000E+00  2.0000E+00  1.1491E+01  1.6581E+01 -5.0899E+00  6.3616E-01
  1.4000E+01  0.0000E+00  2.0000E+00  7.3182E+00  1.7761E+01 -1.0443E+01 -1.7413E+00
  1.4000E+01  0.0000E+00  2.0000E+00  9.3346E+00  1.8183E+01 -8.8486E+00 -9.6639E-01
  1.4000E+01  0.0000E+00  2.0000E+00  1.2041E+01  1.8183E+01 -6.1421E+00  2.5705E-01
  1.4000E+01  0.0000E+00  2.0000E+00  1.5854E+01  1.7950E+01 -2.0964E+00  2.0742E+00
  1.4000E+01  0.0000E+00  2.0000E+00  1.0822E+01  1.7593E+01 -6.7705E+00 -2.7007E-01
  1.4000E+01  0.0000E+00  2.0000E+00  9.2415E+00  1.7170E+01 -7.9288E+00 -9.5409E-01
  1.4000E+01  0.0000E+00  2.0000E+00  8.2463E+00  1.6718E+01 -8.4717E+00 -1.3485E+00
  1.4000E+01  0.0000E+00  2.0000E+00  9.9437E+00  1.6255E+01 -6.3112E+00 -4.5803E-01
  1.4000E+01  0.0000E+00  2.0000E+00  8.5157E+00  1.5792E+01 -7.2762E+00 -1.0485E+00
  1.4000E+01  0.0000E+00  2.0000E+00  8.6114E+00  1.4024E+01 -5.4123E+00 -6.4740E-01
  1.4000E+01  0.0000E+00  2.0000E+00  5.0943E+00  9.7812E+00 -4.6869E+00 -1.3350E+00
  1.4000E+01  0.0000E+00  2.0000E+00  5.2004E+00  6.8208E+00 -1.6204E+00 -4.6270E-01
  1.4000E+01  0.0000E+00  2.0000E+00  3.4361E+00  4.7565E+00 -1.3204E+00 -6.3216E-01
  1.4000E+01  0.0000E+00  2.0000E+00  4.1310E+00  3.3169E+00  8.1411E-01  2.3012E-01
  1.4000E+01  0.0000E+00  2.0000E+00  3.2494E+00  2.3130E+00  9.3639E-01  2.2898E-01
  1.5000E+01  1.0000E+00  2.0000E+00  0.0000E+00  0.0000E+00  0.0000E+00  0.0000E+00
  1.5000E+01  1.0000E+00  2.0000E+00 -1.2576E+00  0.0000E+00 -1.2576E+00 -5.9714E-01
  1.5000E+01  1.0000E+00  2.0000E+00  6.8983E+00  9.1918E+00 -2.2935E+00 -1.7827E-01
  1.5000E+01  1.0000E+00  2.0000E+00  8.7259E+00  1.4233E+01 -5.5075E+00 -1.2220E+00
  1.5000E+01  1.0000E+00  2.0000E+00  1.2060E+01  1.6923E+01 -4.8630E+00 -6.7561E-01
  1.5000E+01  1.0000E+00  2.0000E+00  1.2764E+01  1.8281E+01 -5.5170E+00 -8.8227E-01
  1.5000E+01  1.0000E+00  2.0000E+00  1.7664E+01  1.8886E+01 -1.2224E+00  1.1842E+00
  1.5000E+01  1.0000E+00  2.0000E+00  1.6253E+01  1.9068E+01 -2.8148E+00  4.1294E-01
  1.5000E+01  1.0000E+00  2.0000E+00  1.5789E+01  1.9012E+01 -3.2228E+00  1.8084E-01
  1.5000E+01  1.0000E+00  2.0000E+00  1.4210E+01  1.8824E+01 -4.6140E+00 -5.3045E-01
  1.5000E+01  1.0000E+00  2.0000E+00  1.2709E+01  1.8564E+01 -5.8553E+00 -1.1768E+00
  1.5000E+01  1.0000E+00  2.0000E+00  1.4782E+01  1.8267E+01 -3.4849E+00 -1.1076E-01
  1.5000E+01  1.0000E+00  2.0000E+00  1.3680E+01  1.7951E+01 -4.2708E+00 -5.4420E-01
  1.5000E+01  1.0000E+00  2.0000E+00  1.8359E+01  1.7627E+01  7.3210E-01  1.7714E+00
  1.5000E+01  1.0000E+00  2.0000E+00  1.2386E+01  1.6342E+01 -3.9561E+00 -6.8212E-01
  1.5000E+01  1.0000E+00  2.0000E+00  1.1557E+01  1.2976E+01 -1.4191E+00 -1.9456E-02
  1.5000E+01  1.0000E+00  2.0000E+00  8.9367E+00  1.0302E+01 -1.3650E+00 -3.6336E-01
  1.5000E+01  1.0000E+00  2.0000E+00  9.1989E+00  8.1786E+00  1.0203E+00  5.2425E-01
  1.5000E+01  1.0000E+00  2.0000E+00  8.1492E+00  6.4930E+00  1.6562E+00  6.7006E-01
  1.5000E+01  1.0000E+00  2.0000E+00  3.2366E+00  5.1548E+00 -1.9182E+00 -1.1206E+00
  1.6000E+01  1.0000E+00  0.0000E+00  0.0000E+00  0.0000E+00  0.0000E+00  0.0000E+00
  1.6000E+01  1.0000E+00  0.0000E+00  2.9605E-01  0.0000E+00  2.9605E-01  1.4057E-01
  1.6000E+01  1.0000E+00  0.0000E+00  1.2864E+01  9.2228E+00  3.6412E+00  1.1801E+00
  1.6000E+01  1.0000E+00  0.0000E+00  1.9816E+01  1.4338E+01  5.4785E+00  1.7560E+00
  1.6000E+01  1.0000E+00  0.0000E+00  2.0708E+01  1.7122E+01  3.5858E+00  7.0366E-01
  1.6000E+01  1.0000E+00  0.0000E+00  2.0340E+01  1.8586E+01  1.7539E+00 -2.3895E-01
  1.6000E+01  1.0000E+00  0.0000E+00  1.9966E+01  1.9302E+01  6.6409E-01 -7.8362E-01
  1.6000E+01  1.0000E+00  0.0000E+00  1.8822E+01  1.9595E+01 -7.7260E-01 -1.4674E+00
  1.6000E+01  1.0000E+00  0.0000E+00  2.3543E+01  1.9649E+01  3.8944E+00  7.6119E-01
  1.6000E+01  1.0000E+00  0.0000E+00  2.1939E+01  1.9569E+01  2.3703E+00  5.7979E-02
  1.6000E+01  1.0000E+00  0.0000E+00  2.4493E+01  1.9414E+01  5.0789E+00  1.3687E+00
  1.6000E+01  1.0000E+00  0.0000E+00  2.3563E+01  1.9219E+01  4.3444E+00  1.0466E+00
  1.6000E+01  1.0000E+00  0.0000E+00  2.2517E+01  1.9001E+01  3.5157E+00  6.8079E-01
  1.6000E+01  1.0000E+00  0.0000E+00  1.6775E+01  1.8773E+01 -1.9980E+00 -1.9093E+00
  1.6000E+01  1.0000E+00  0.0000E+00  2.0776E+01  1.7838E+01  2.9375E+00  5.4338E-01
  1.6000E+01  1.0000E+00  0.0000E+00  1.2688E+01  1.5254E+01 -2.5657E+00 -1.7884E+00
  1.6000E+01  1.0000E+00  0.0000E+00  1.2005E+01  1.3042E+01 -1.0366E+00 -8.4461E-01
  1.6000E+01  1.0000E+00  0.0000E+00  9.5967E+00  1.1150E+01 -1.5535E+00 -9.2353E-01
  1.6000E+01  1.0000E+00  0.0000E+00  1.1326E+01  9.5332E+00  1.7928E+00  7.9105E-01
  1.6000E+01  1.0000E+00  0.0000E+00  1.1408E+01  8.1507E+00  3.2573E+00  1.5796E+00
  1.7000E+01  0.0000E+00  0.0000E+00  0.0000E+00  0.0000E+00  0.0000E+00  0.0000E+00
  1.7000E+01  0.0000E+00  0.0000E+00  1.5452E+00  0.0000E+00  1.5452E+00  7.3370E-01
  1.7000E+01  0.0000E+00  0.0000E+00  6.3148E+00  9.1404E+00 -2.8256E+00 -2.2332E-01
  1.7000E+01  0.0000E+00  0.0000E+00  1.1782E+01  1.4062E+01 -2.2801E+00  5.9861E-01
  1.7000E+01  0.0000E+00  0.0000E+00  1.0068E+01  1.6597E+01 -6.5292E+00 -1.1681E+00
  1.7000E+01  0.0000E+00  0.0000E+00  1.0811E+01  1.7785E+01 -6.9743E+00 -1.3025E+00
  1.7000E+01  0.0000E+00  0.0000E+00  1.4761E+01  1.8216E+01 -3.4552E+00  3.4962E-01
  1.7000E+01  0.0000E+00  0.0000E+00  1.2888E+01  1.8225E+01 -5.3365E+00 -6.1397E-01
  1.7000E+01  0.0000E+00  0.0000E+00  1.2712E+01  1.8000E+01 -5.2879E+00 -6.8763E-01
  1.7000E+01  0.0000E+00  0.0000E+00  1.4478E+01  1.7650E+01 -3.1716E+00  2.0806E-01
  1.7000E+01  0.0000E+00  0.0000E+00  1.1640E+01  1.7235E+01 -5.5946E+00 -1.0561E+00
  1.7000E+01  0.0000E+00  0.0000E+00  1.4605E+01  1.6789E+01 -2.1841E+00  4.4956E-01
  1.7000E+01  0.0000E+00  0.0000E+00  1.3470E+01  1.6332E+01 -2.8624E+00  1.5985E-02
  1.7000E+01  0.0000E+00  0.0000E+00  1.6893E+01  1.5875E+01  1.0178E+00  1.7504E+00
  1.7000E+01  0.0000E+00  0.0000E+00  1.2601E+01  1.4127E+01 -1.5259E+00  1.5401E-01
  1.7000E+01  0.0000E+00  0.0000E+00  9.3644E+00  9.9147E+00 -5.5026E-01 -1.7101E-01
  1.7000E+01  0.0000E+00  0.0000E+00  7.5676E+00  6.9571E+00  6.1052E-01 -1.6184E-02
  1.7000E+01  0.0000E+00  0.0000E+00  4.8312E+00  4.8818E+00 -5.0556E-02 -4.9799E-01
  1.7000E+01  0.0000E+00  0.0000E+00  4.8111E+00  3.4255E+00  1.3856E+00  1.4342E-01
  1.7000E+01  0.0000E+00  0.0000E+00  6.3611E+00  2.4037E+00  3.9574E+00  1.3904E+00
  1.8000E+01  1.0000E+00  2.0000E+00  0.0000E+00  0.0000E+00  0.0000E+00  0.0000E+00
  1.8000E+01  1.0000E+00  2.0000E+00  3.1204E-01  0.0000E+00  3.1204E-01  1.4816E-01
  1.8000E+01  1.0000E+00  2.0000E+00  6.9726E+00  9.2004E+00 -2.2278E+00  8.7990E-02
  1.8000E+01  1.0000E+00  2.0000E+00  8.1525E+00  1.4262E+01 -6.1099E+00 -1.1526E+00
  1.8000E+01  1.0000E+00  2.0000E+00  1.2120E+01  1.6978E+01 -4.8583E+00 -2.6263E-01
  1.8000E+01  1.0000E+00  2.0000E+00  1.2662E+01  1.8366E+01 -5.7036E+00 -5.4116E-01
  1.8000E+01  1.0000E+00  2.0000E+00  1.2470E+01  1.9001E+01 -6.5313E+00 -9.0831E-01
  1.8000E+01  1.0000E+00  2.0000E+00  9.3747E+00  1.9213E+01 -9.8386E+00 -2.5065E+00
  1.8000E+01  1.0000E+00  2.0000E+00  1.8400E+01  1.9187E+01 -7.8729E-01  1.7340E+00
  1.8000E+01  1.0000E+00  2.0000E+00  1.4095E+01  1.9029E+01 -4.9338E+00 -3.0752E-01
  1.8000E+01  1.0000E+00  2.0000E+00  1.3996E+01  1.8798E+01 -4.8015E+00 -3.2509E-01
  1.8000E+01  1.0000E+00  2.0000E+00  1.6603E+01  1.8527E+01 -1.9245E+00  9.5741E-01
  1.8000E+01  1.0000E+00  2.0000E+00  1.4755E+01  1.8238E+01 -3.4828E+00  1.3312E-01
  1.8000E+01  1.0000E+00  2.0000E+00  1.6253E+01  1.7939E+01 -1.6864E+00  9.0237E-01
  1.8000E+01  1.0000E+00  2.0000E+00  1.2588E+01  1.6746E+01 -4.1585E+00 -5.8947E-01
  1.8000E+01  1.0000E+00  2.0000E+00  1.2801E+01  1.3575E+01 -7.7406E-01  2.5556E-01
  1.8000E+01  1.0000E+00  2.0000E+00  1.2319E+01  1.1003E+01  1.3164E+00  7.2503E-01
  1.8000E+01  1.0000E+00  2.0000E+00  1.1550E+01  8.9176E+00  2.6324E+00  1.0027E+00
  1.8000E+01  1.0000E+00  2.0000E+00  8.9685E+00  7.2277E+00  1.7408E+00  3.6008E-01
  1.8000E+01  1.0000E+00  2.0000E+00  6.7483E+00  5.8580E+00  8.9030E-01 -1.7104E-01
  1.9000E+01  1.0000E+00  0.0000E+00  0.0000E+00  0.0000E+00  0.0000E+00  0.0000E+00
  1.9000E+01  1.0000E+00  0.0000E+00 -3.2296E-01  0.0000E+00 -3.2296E-01 -1.5335E-01
  1.9000E+01  1.0000E+00  0.0000E+00  1.4465E+01  9.1914E+00  5.2736E+00 -3.8631E-01
  1.9000E+01  1.0000E+00  0.0000E+00  2.6456E+01  1.4232E+01  1.2224E+01  1.3930E+00
  1.9000E+01  1.0000E+00  0.0000E+00  2.9819E+01  1.6921E+01  1.2898E+01  9.6630E-01
  1.9000E+01  1.0000E+00  0.0000E+00  2.8395E+01  1.8278E+01  1.0117E+01 -6.6537E-01
  1.9000E+01  1.0000E+00  0.0000E+00  3.1180E+01  1.8882E+01  1.2298E+01  3.0279E-01
  1.9000E+01  1.0000E+00  0.0000E+00  3.4463E+01  1.9062E+01  1.5401E+01  1.8439E+00
  1.9000E+01  1.0000E+00  0.0000E+00  3.2464E+01  1.9005E+01  1.3459E+01  1.0634E+00
  1.9000E+01  1.0000E+00  0.0000E+00  3.0248E+01  1.8816E+01  1.1432E+01  2.8099E-01
  1.9000E+01  1.0000E+00  0.0000E+00  3.1240E+01  1.8555E+01  1.2685E+01  1.0749E+00
  1.9000E+01  1.0000E+00  0.0000E+00  2.9189E+01  1.8256E+01  1.0933E+01  4.4964E-01
  1.9000E+01  1.0000E+00  0.0000E+00  3.3009E+01  1.7939E+01  1.5070E+01  2.6225E+00
  1.9000E+01  1.0000E+00  0.0000E+00  2.4518E+01  1.7614E+01  6.9037E+00 -1.0484E+00
  1.9000E+01  1.0000E+00  0.0000E+00  2.1881E+01  1.6326E+01  5.5551E+00 -9.0779E-01
  1.9000E+01  1.0000E+00  0.0000E+00  1.3470E+01  1.2952E+01  5.1771E-01 -1.4578E+00
  1.9000E+01  1.0000E+00  0.0000E+00  8.9478E+00  1.0274E+01 -1.3264E+00 -1.1011E+00
  1.9000E+01  1.0000E+00  0.0000E+00  5.9032E+00  8.1499E+00 -2.2467E+00 -7.4256E-01
  1.9000E+01  1.0000E+00  0.0000E+00  5.0676E+00  6.4648E+00 -1.3972E+00  1.4752E-01
  1.9000E+01  1.0000E+00  0.0000E+00  3.2325E+00  5.1281E+00 -1.8956E+00  1.8245E-01
  2.0000E+01  0.0000E+00  0.0000E+00  0.0000E+00  0.0000E+00  0.0000E+00  0.0000E+00
  2.0000E+01  0.0000E+00  0.0000E+00  5.0709E-02  0.0000E+00  5.0709E-02  2.4078E-02
  2.0000E+01  0.0000E+00  0.0000E+00  5.1043E+00  9.1281E+00 -4.0238E+00 -1.5726E+00
  2.0000E+01  0.0000E+00  0.0000E+00  1.1996E+01  1.4021E+01 -2.0254E+00 -4.4698E-01
  2.0000E+01  0.0000E+00  0.0000E+00  1.5094E+01  1.6520E+01 -1.4262E+00 -7.6711E-02
  2.0000E+01  0.0000E+00  0.0000E+00  1.5925E+01  1.7669E+01 -1.7438E+00 -1.9279E-01
  2.0000E+01  0.0000E+00  0.0000E+00  2.0068E+01  1.8060E+01  2.0084E+00  1.5952E+00
  2.0000E+01  0.0000E+00  0.0000E+00  1.3769E+01  1.8029E+01 -4.2596E+00 -1.3902E+00
  2.0000E+01  0.0000E+00  0.0000E+00  1.3709E+01  1.7766E+01 -4.0571E+00 -1.3115E+00
  2.0000E+01  0.0000E+00  0.0000E+00  1.6929E+01  1.7380E+01 -4.5096E-01  3.7904E-01
  2.0000E+01  0.0000E+00  0.0000E+00  1.6226E+01  1.6931E+01 -7.0509E-01  2.3476E-01
  2.0000E+01  0.0000E+00  0.0000E+00  1.3739E+01  1.6454E+01 -2.7149E+00 -7.4374E-01
  2.0000E+01  0.0000E+00  0.0000E+00  1.8221E+01  1.5968E+01  2.2535E+00  1.5912E+00
  2.0000E+01  0.0000E+00  0.0000E+00  1.3661E+01  1.5483E+01 -1.8218E+00 -3.6744E-01
  2.0000E+01  0.0000E+00  0.0000E+00  1.5054E+01  1.3643E+01  1.4109E+00  1.0807E+00
  2.0000E+01  0.0000E+00  0.0000E+00  9.1650E+00  9.2960E+00 -1.3102E-01  1.6090E-01
  2.0000E+01  0.0000E+00  0.0000E+00  4.2707E+00  6.3328E+00 -2.0621E+00 -8.6586E-01
  2.0000E+01  0.0000E+00  0.0000E+00  2.5677E+00  4.3142E+00 -1.7465E+00 -7.7846E-01
  2.0000E+01  0.0000E+00  0.0000E+00  1.6778E+00  2.9390E+00 -1.2612E+00 -5.8219E-01
  2.0000E+01  0.0000E+00  0.0000E+00  9.3494E-01  2.0022E+00 -1.0672E+00 -5.0764E-01
  2.1000E+01  1.0000E+00  1.0000E+00  0.0000E+00  0.0000E+00  0.0000E+00  0.0000E+00
  2.1000E+01  1.0000E+00  1.0000E+00 -6.3680E-01  0.0000E+00 -6.3680E-01 -3.0237E-01
  2.1000E+01  1.0000E+00  1.0000E+00  6.3595E+00  9.1873E+00 -2.8278E+00 -1.1216E+00
  2.1000E+01  1.0000E+00  1.0000E+00  1.5855E+01  1.4218E+01  1.6367E+00  1.1229E+00
  2.1000E+01  1.0000E+00  1.0000E+00  1.5698E+01  1.6894E+01 -1.1962E+00 -1.5245E-01
  2.1000E+01  1.0000E+00  1.0000E+00  1.5805E+01  1.8237E+01 -2.4319E+00 -7.0061E-01
  2.1000E+01  1.0000E+00  1.0000E+00  1.6053E+01  1.8827E+01 -2.7736E+00 -8.4199E-01
  2.1000E+01  1.0000E+00  1.0000E+00  1.6503E+01  1.8992E+01 -2.4893E+00 -6.9625E-01
  2.1000E+01  1.0000E+00  1.0000E+00  2.0913E+01  1.8921E+01  1.9923E+00  1.4367E+00
  2.1000E+01  1.0000E+00  1.0000E+00  1.9193E+01  1.8718E+01  4.7515E-01  7.1795E-01
  2.1000E+01  1.0000E+00  1.0000E+00  1.8181E+01  1.8444E+01 -2.6265E-01  3.6735E-01
  2.1000E+01  1.0000E+00  1.0000E+00  1.5875E+01  1.8132E+01 -2.2571E+00 -5.8109E-01
  2.1000E+01  1.0000E+00  1.0000E+00  1.8073E+01  1.7803E+01  2.7043E-01  6.1698E-01
  2.1000E+01  1.0000E+00  1.0000E+00  1.6874E+01  1.7466E+01 -5.9180E-01  2.0508E-01
  2.1000E+01  1.0000E+00  1.0000E+00  1.3723E+01  1.6135E+01 -2.4117E+00 -6.7101E-01
  2.1000E+01  1.0000E+00  1.0000E+00  7.5339E+00  1.2674E+01 -5.1397E+00 -2.0087E+00
  2.1000E+01  1.0000E+00  1.0000E+00  9.5438E+00  9.9534E+00 -4.0959E-01  1.9117E-01
  2.1000E+01  1.0000E+00  1.0000E+00  6.1862E+00  7.8170E+00 -1.6308E+00 -4.3489E-01
  2.1000E+01  1.0000E+00  1.0000E+00  4.8479E+00  6.1392E+00 -1.2913E+00 -3.1780E-01
  2.1000E+01  1.0000E+00  1.0000E+00  3.7991E+00  4.8215E+00 -1.0224E+00 -2.3094E-01
  2.2000E+01  0.0000E+00  2.0000E+00  0.0000E+00  0.0000E+00  0.0000E+00  0.0000E+00
  2.2000E+01  0.0000E+00  2.0000E+00 -3.6637E-01  0.0000E+00 -3.6637E-01 -1.7396E-01
  2.2000E+01  0.0000E+00  2.0000E+00  1.0344E+01  9.1242E+00  1.2198E+00  7.8306E-02
  2.2000E+01  0.0000E+00  2.0000E+00  1.6229E+01  1.4008E+01  2.2206E+00  3.0181E-01
  2.2000E+01  0.0000E+00  2.0000E+00  1.7370E+01  1.6496E+01  8.7427E-01 -4.4930E-01
  2.2000E+01  0.0000E+00  2.0000E+00  1.8243E+01  1.7632E+01  6.1115E-01 -6.0825E-01
  2.2000E+01  0.0000E+00  2.0000E+00  2.4027E+01  1.8010E+01  6.0170E+00  1.9673E+00
  2.2000E+01  0.0000E+00  2.0000E+00  2.1692E+01  1.7967E+01  3.7254E+00  9.1080E-01
  2.2000E+01  0.0000E+00  2.0000E+00  1.8074E+01  1.7692E+01  3.8176E-01 -6.3358E-01
  2.2000E+01  0.0000E+00  2.0000E+00  1.9617E+01  1.7295E+01  2.3221E+00  3.3636E-01
  2.2000E+01  0.0000E+00  2.0000E+00  1.7450E+01  1.6835E+01  6.1453E-01 -4.2401E-01
  2.2000E+01  0.0000E+00  2.0000E+00  1.4898E+01  1.6348E+01 -1.4504E+00 -1.3542E+00
  2.2000E+01  0.0000E+00  2.0000E+00  2.0362E+01  1.5853E+01  4.5091E+00  1.5246E+00
  2.2000E+01  0.0000E+00  2.0000E+00  1.4467E+01  1.5360E+01 -8.9276E-01 -9.9285E-01
  2.2000E+01  0.0000E+00  2.0000E+00  1.4981E+01  1.3492E+01  1.4887E+00  3.0702E-01
  2.2000E+01  0.0000E+00  2.0000E+00  8.8459E+00  9.1070E+00 -2.6106E-01 -1.9071E-01
  2.2000E+01  0.0000E+00  2.0000E+00  7.6807E+00  6.1458E+00  1.5349E+00  8.2090E-01
  2.2000E+01  0.0000E+00  2.0000E+00  2.8642E+00  4.1474E+00 -1.2832E+00 -4.5463E-01
  2.2000E+01  0.0000E+00  2.0000E+00  1.9533E+00  2.7989E+00 -8.4556E-01 -2.3466E-01
  2.2000E+01  0.0000E+00  2.0000E+00  1.8236E+00  1.8888E+00 -6.5188E-02  1.2377E-01
  2.3000E+01  1.0000E+00  0.0000E+00  0.0000E+00  0.0000E+00  0.0000E+00  0.0000E+00
  2.3000E+01  1.0000E+00  0.0000E+00  1.8423E+00  0.0000E+00  1.8423E+00  8.7477E-01
  2.3000E+01  1.0000E+00  0.0000E+00  1.1117E+01  9.1984E+00  1.9186E+00  5.1937E-01
  2.3000E+01  1.0000E+00  0.0000E+00  1.9169E+01  1.4255E+01  4.9136E+00  1.7392E+00
  2.3000E+01  1.0000E+00  0.0000E+00  1.7697E+01  1.6965E+01  7.3200E-01 -3.4172E-01
  2.3000E+01  1.0000E+00  0.0000E+00  2.1983E+01  1.8345E+01  3.6378E+00  1.0028E+00
  2.3000E+01  1.0000E+00  0.0000E+00  2.2164E+01  1.8974E+01  3.1904E+00  7.8857E-01
  2.3000E+01  1.0000E+00  0.0000E+00  1.7968E+01  1.9178E+01 -1.2102E+00 -1.2842E+00
  2.3000E+01  1.0000E+00  0.0000E+00  2.1914E+01  1.9145E+01  2.7691E+00  6.3201E-01
  2.3000E+01  1.0000E+00  0.0000E+00  2.2512E+01  1.8979E+01  3.5327E+00  1.0265E+00
  2.3000E+01  1.0000E+00  0.0000E+00  2.0095E+01  1.8741E+01  1.3538E+00  2.6166E-02
  2.3000E+01  1.0000E+00  0.0000E+00  1.9219E+01  1.8464E+01  7.5457E-01 -2.2323E-01
  2.3000E+01  1.0000E+00  0.0000E+00  1.8926E+01  1.8168E+01  7.5767E-01 -1.8659E-01
  2.3000E+01  1.0000E+00  0.0000E+00  1.6634E+01  1.7864E+01 -1.2297E+00 -1.0955E+00
  2.3000E+01  1.0000E+00  0.0000E+00  1.5448E+01  1.6648E+01 -1.2003E+00 -9.5089E-01
  2.3000E+01  1.0000E+00  0.0000E+00  1.0097E+01  1.3428E+01 -3.3315E+00 -1.6564E+00
  2.3000E+01  1.0000E+00  0.0000E+00  1.0283E+01  1.0830E+01 -5.4674E-01 -1.3202E-01
  2.3000E+01  1.0000E+00  0.0000E+00  7.5491E+00  8.7339E+00 -1.1848E+00 -3.0829E-01
  2.3000E+01  1.0000E+00  0.0000E+00  7.1956E+00  7.0437E+00  1.5192E-01  3.9931E-01
  2.3000E+01  1.0000E+00  0.0000E+00  5.4852E+00  5.6805E+00 -1.9535E-01  2.6957E-01
  2.4000E+01  0.0000E+00  2.0000E+00  0.0000E+00  0.0000E+00  0.0000E+00  0.0000E+00
  2.4000E+01  0.0000E+00  2.0000E+00 -6.2445E-01  0.0000E+00 -6.2445E-01 -2.9650E-01
  2.4000E+01  0.0000E+00  2.0000E+00  1.3398E+01  9.1283E+00  4.2697E+00  5.7851E-02
  2.4000E+01  0.0000E+00  2.0000E+00  2.0635E+01  1.4022E+01  6.6129E+00  1.8712E-01
  2.4000E+01  0.0000E+00  2.0000E+00  2.4592E+01  1.6521E+01  8.0705E+00  4.4899E-01
  2.4000E+01  0.0000E+00  2.0000E+00  2.9019E+01  1.7671E+01  1.1348E+01  1.8828E+00
  2.4000E+01  0.0000E+00  2.0000E+00  2.7174E+01  1.8062E+01  9.1117E+00  8.6704E-01
  2.4000E+01  0.0000E+00  2.0000E+00  2.4045E+01  1.8032E+01  6.0131E+00 -4.6807E-01
  2.4000E+01  0.0000E+00  2.0000E+00  2.5106E+01  1.7770E+01  7.3360E+00  3.4187E-01
  2.4000E+01  0.0000E+00  2.0000E+00  2.6261E+01  1.7384E+01  8.8765E+00  1.2759E+00
  2.4000E+01  0.0000E+00  2.0000E+00  2.1333E+01  1.6936E+01  4.3968E+00 -6.4200E-01
  2.4000E+01  0.0000E+00  2.0000E+00  2.4573E+01  1.6459E+01  8.1135E+00  1.3310E+00
  2.4000E+01  0.0000E+00  2.0000E+00  1.6318E+01  1.5974E+01  3.4438E-01 -2.1548E+00
  2.4000E+01  0.0000E+00  2.0000E+00  2.2964E+01  1.5489E+01  7.4746E+00  1.4266E+00
  2.4000E+01  0.0000E+00  2.0000E+00  1.4390E+01  1.3651E+01  7.3888E-01 -1.0741E+00
  2.4000E+01  0.0000E+00  2.0000E+00  8.9000E+00  9.3061E+00 -4.0615E-01 -2.4914E-01
  2.4000E+01  0.0000E+00  2.0000E+00  4.1904E+00  6.3429E+00 -2.1525E+00 -4.3655E-01
  2.4000E+01  0.0000E+00  2.0000E+00  2.2517E+00  4.3232E+00 -2.0715E+00 -1.5930E-01
  2.4000E+01  0.0000E+00  2.0000E+00  8.9925E-01  2.9466E+00 -2.0474E+00 -1.2049E-01
  2.4000E+01  0.0000E+00  2.0000E+00 -7.6163E-01  2.0084E+00 -2.7700E+00 -5.3725E-01
  2.5000E+01  1.0000E+00  2.0000E+00  0.0000E+00  0.0000E+00  0.0000E+00  0.0000E+00
  2.5000E+01  1.0000E+00  2.0000E+00 -2.7706E-01  0.0000E+00 -2.7706E-01 -1.3155E-01
  2.5000E+01  1.0000E+00  2.0000E+00  1.4937E+01  9.1965E+00  5.7405E+00  5.4378E-01
  2.5000E+01  1.0000E+00  2.0000E+00  2.2370E+01  1.4249E+01  8.1207E+00  5.3896E-01
  2.5000E+01  1.0000E+00  2.0000E+00  2.7784E+01  1.6953E+01  1.0831E+01  1.2818E+00
  2.5000E+01  1.0000E+00  2.0000E+00  3.3748E+01  1.8327E+01  1.5421E+01  3.2500E+00
  2.5000E+01  1.0000E+00  2.0000E+00  3.0535E+01  1.8949E+01  1.1586E+01  1.4035E+00
  2.5000E+01  1.0000E+00  2.0000E+00  2.8792E+01  1.9148E+01  9.6444E+00  5.5903E-01
  2.5000E+01  1.0000E+00  2.0000E+00  2.7233E+01  1.9108E+01  8.1250E+00 -2.9666E-02
  2.5000E+01  1.0000E+00  2.0000E+00  2.7830E+01  1.8936E+01  8.8938E+00  4.9698E-01
  2.5000E+01  1.0000E+00  2.0000E+00  2.9673E+01  1.8692E+01  1.0981E+01  1.6634E+00
  2.5000E+01  1.0000E+00  2.0000E+00  2.3075E+01  1.8410E+01  4.6654E+00 -1.1547E+00
  2.5000E+01  1.0000E+00  2.0000E+00  2.5532E+01  1.8108E+01  7.4241E+00  3.3638E-01
  2.5000E+01  1.0000E+00  2.0000E+00  1.8616E+01  1.7798E+01  8.1808E-01 -2.6212E+00
  2.5000E+01  1.0000E+00  2.0000E+00  1.8537E+01  1.6563E+01  1.9739E+00 -1.3972E+00
  2.5000E+01  1.0000E+00  2.0000E+00  1.1197E+01  1.3302E+01 -2.1049E+00 -1.7468E+00
  2.5000E+01  1.0000E+00  2.0000E+00  6.9259E+00  1.0681E+01 -3.7553E+00 -1.4777E+00
  2.5000E+01  1.0000E+00  2.0000E+00  4.4351E+00  8.5768E+00 -4.1417E+00 -9.9419E-01
  2.5000E+01  1.0000E+00  2.0000E+00  5.6404E-01  6.8870E+00 -6.3229E+00 -1.6376E+00
  2.5000E+01  1.0000E+00  2.0000E+00  1.3267E+00  5.5301E+00 -4.2034E+00 -4.3126E-01
  2.6000E+01  0.0000E+00  1.0000E+00  0.0000E+00  0.0000E+00  0.0000E+00  0.0000E+00
  2.6000E+01  0.0000E+00  1.0000E+00  1.5077E+00  0.0000E+00  1.5077E+00  7.1589E-01
  2.6000E+01  0.0000E+00  1.0000E+00  1.4251E+01  9.1093E+00  5.1417E+00  1.1897E+00
  2.6000E+01  0.0000E+00  1.0000E+00  1.8683E+01  1.3959E+01  4.7241E+00  3.8123E-01
  2.6000E+01  0.0000E+00  1.0000E+00  2.1009E+01  1.6402E+01  4.6067E+00  7.3939E-02
  2.6000E+01  0.0000E+00  1.0000E+00  2.0798E+01  1.7491E+01  3.3070E+00 -5.9640E-01
  2.6000E+01  0.0000E+00  1.0000E+00  2.4266E+01  1.7821E+01  6.4448E+00  9.4780E-01
  2.6000E+01  0.0000E+00  1.0000E+00  2.2509E+01  1.7731E+01  4.7780E+00  2.6691E-01
  2.6000E+01  0.0000E+00  1.0000E+00  2.5867E+01  1.7412E+01  8.4549E+00  2.1508E+00
  2.6000E+01  0.0000E+00  1.0000E+00  1.6664E+01  1.6973E+01 -3.0877E-01 -1.8611E+00
  2.6000E+01  0.0000E+00  1.0000E+00  1.6596E+01  1.6474E+01  1.2185E-01 -1.5050E+00
  2.6000E+01  0.0000E+00  1.0000E+00  2.1713E+01  1.5951E+01  5.7623E+00  1.3222E+00
  2.6000E+01  0.0000E+00  1.0000E+00  1.7280E+01  1.5421E+01  1.8585E+00 -3.8754E-01
  2.6000E+01  0.0000E+00  1.0000E+00  1.8856E+01  1.4897E+01  3.9587E+00  7.4709E-01
  2.6000E+01  0.0000E+00  1.0000E+00  1.4259E+01  1.2930E+01  1.3291E+00 -2.2385E-02
  2.6000E+01  0.0000E+00  1.0000E+00  8.3436E+00  8.4173E+00 -7.3718E-02  1.8578E-01
  2.6000E+01  0.0000E+00  1.0000E+00  2.7162E+00  5.4785E+00 -2.7623E+00 -7.4721E-01
  2.6000E+01  0.0000E+00  1.0000E+00 -2.2647E-01  3.5658E+00 -3.7923E+00 -1.1595E+00
  2.6000E+01  0.0000E+00  1.0000E+00  9.1058E-01  2.3208E+00 -1.4103E+00 -7.4085E-02
  2.6000E+01  0.0000E+00  1.0000E+00 -7.6718E-01  1.5106E+00 -2.2777E+00 -5.7791E-01
  2.7000E+01  0.0000E+00  0.0000E+00  0.0000E+00  0.0000E+00  0.0000E+00  0.0000E+00
  2.7000E+01  0.0000E+00  0.0000E+00 -6.5115E-01  0.0000E+00 -6.5115E-01 -3.0918E-01
  2.7000E+01  0.0000E+00  0.0000E+00  3.3680E+00  9.1150E+00 -5.7470E+00 -1.5650E+00
  2.7000E+01  0.0000E+00  0.0000E+00  6.4658E+00  1.3978E+01 -7.5120E+00 -1.8372E+00
  2.7000E+01  0.0000E+00  0.0000E+00  1.3054E+01  1.6438E+01 -3.3839E+00  3.5453E-01
  2.7000E+01  0.0000E+00  0.0000E+00  1.4153E+01  1.7545E+01 -3.3915E+00  3.9769E-01
  2.7000E+01  0.0000E+00  0.0000E+00  1.4996E+01  1.7893E+01 -2.8969E+00  5.7907E-01
  2.7000E+01  0.0000E+00  0.0000E+00  1.1168E+01  1.7820E+01 -6.6525E+00 -1.3101E+00
  2.7000E+01  0.0000E+00  0.0000E+00  1.4822E+01  1.7518E+01 -2.6964E+00  4.3675E-01
  2.7000E+01  0.0000E+00  0.0000E+00  1.0910E+01  1.7095E+01 -6.1848E+00 -1.3617E+00
  2.7000E+01  0.0000E+00  0.0000E+00  1.3886E+01  1.6611E+01 -2.7250E+00  1.3686E-01
  2.7000E+01  0.0000E+00  0.0000E+00  1.3911E+01  1.6101E+01 -2.1901E+00  2.4899E-01
  2.7000E+01  0.0000E+00  0.0000E+00  1.5853E+01  1.5585E+01  2.6844E-01  1.2794E+00
  2.7000E+01  0.0000E+00  0.0000E+00  1.0218E+01  1.5072E+01 -4.8539E+00 -1.2838E+00
  2.7000E+01  0.0000E+00  0.0000E+00  1.5392E+01  1.3141E+01  2.2505E+00  1.6319E+00
  2.7000E+01  0.0000E+00  0.0000E+00  9.4992E+00  8.6739E+00  8.2531E-01  1.1369E-01
  2.7000E+01  0.0000E+00  0.0000E+00  8.5407E+00  5.7240E+00  2.8167E+00  7.2484E-01
  2.7000E+01  0.0000E+00  0.0000E+00  7.5509E+00  3.7773E+00  3.7736E+00  1.1044E+00
  2.7000E+01  0.0000E+00  0.0000E+00  2.4598E+00  2.4926E+00 -3.2846E-02 -6.5604E-01
  2.7000E+01  0.0000E+00  0.0000E+00  2.6450E+00  1.6449E+00  1.0001E+00 -7.1063E-02
  2.8000E+01  1.0000E+00  2.0000E+00  0.0000E+00  0.0000E+00  0.0000E+00  0.0000E+00
  2.8000E+01  1.0000E+00  2.0000E+00  1.4284E+00  0.0000E+00  1.4284E+00  6.7824E-01
  2.8000E+01  1.0000E+00  2.0000E+00  9.3231E+00  9.1992E+00  1.2389E-01 -6.3525E-03
  2.8000E+01  1.0000E+00  2.0000E+00  1.6756E+01  1.4258E+01  2.4977E+00  1.0871E+00
  2.8000E+01  1.0000E+00  2.0000E+00  1.3775E+01  1.6970E+01 -3.1955E+00 -1.6321E+00
  2.8000E+01  1.0000E+00  2.0000E+00  1.6927E+01  1.8354E+01 -1.4265E+00 -7.9807E-01
  2.8000E+01  1.0000E+00  2.0000E+00  1.9989E+01  1.8985E+01  1.0040E+00  3.5565E-01
  2.8000E+01  1.0000E+00  2.0000E+00  2.1599E+01  1.9193E+01  2.4064E+00  1.0243E+00
  2.8000E+01  1.0000E+00  2.0000E+00  1.8851E+01  1.9162E+01 -3.1129E-01 -2.6177E-01
  2.8000E+01  1.0000E+00  2.0000E+00  2.1585E+01  1.9000E+01  2.5854E+00  1.1189E+00
  2.8000E+01  1.0000E+00  2.0000E+00  2.0916E+01  1.8764E+01  2.1517E+00  9.1863E-01
  2.8000E+01  1.0000E+00  2.0000E+00  1.9287E+01  1.8490E+01  7.9673E-01  2.8104E-01
  2.8000E+01  1.0000E+00  2.0000E+00  1.7002E+01  1.8197E+01 -1.1948E+00 -6.5877E-01
  2.8000E+01  1.0000E+00  2.0000E+00  1.4303E+01  1.7895E+01 -3.5917E+00 -1.7911E+00
  2.8000E+01  1.0000E+00  2.0000E+00  1.7097E+01  1.6688E+01  4.0850E-01  1.2984E-01
  2.8000E+01  1.0000E+00  2.0000E+00  1.3476E+01  1.3488E+01 -1.2433E-02 -1.9244E-02
  2.8000E+01  1.0000E+00  2.0000E+00  1.2928E+01  1.0900E+01  2.0277E+00  9.8312E-01
  2.8000E+01  1.0000E+00  2.0000E+00  8.7864E+00  8.8088E+00 -2.2396E-02  3.0934E-02
  2.8000E+01  1.0000E+00  2.0000E+00  5.1249E+00  7.1186E+00 -1.9937E+00 -8.9274E-01
  2.8000E+01  1.0000E+00  2.0000E+00  5.3580E+00  5.7527E+00 -3.9470E-01 -1.2743E-01
  2.9000E+01  0.0000E+00  0.0000E+00  0.0000E+00  0.0000E+00  0.0000E+00  0.0000E+00
  2.9000E+01  0.0000E+00  0.0000E+00  4.5896E-01  0.0000E+00  4.5896E-01  2.1792E-01
  2.9000E+01  0.0000E+00  0.0000E+00  1.3233E+01  9.1236E+00  4.1094E+00 -1.7237E-01
  2.9000E+01  0.0000E+00  0.0000E+00  2.0211E+01  1.4006E+01  6.2046E+00 -2.3234E-01
  2.9000E+01  0.0000E+00  0.0000E+00  2.7355E+01  1.6492E+01  1.0863E+01  1.5239E+00
  2.9000E+01  0.0000E+00  0.0000E+00  2.7990E+01  1.7626E+01  1.0364E+01  1.1639E+00
  2.9000E+01  0.0000E+00  0.0000E+00  3.0221E+01  1.8002E+01  1.2219E+01  2.1037E+00
  2.9000E+01  0.0000E+00  0.0000E+00  2.8341E+01  1.7957E+01  1.0384E+01  1.3884E+00
  2.9000E+01  0.0000E+00  0.0000E+00  2.7167E+01  1.7681E+01  9.4863E+00  1.1665E+00
  2.9000E+01  0.0000E+00  0.0000E+00  1.9954E+01  1.7282E+01  2.6724E+00 -1.8428E+00
  2.9000E+01  0.0000E+00  0.0000E+00  1.9986E+01  1.6821E+01  3.1655E+00 -1.3762E+00
  2.9000E+01  0.0000E+00  0.0000E+00  2.2995E+01  1.6332E+01  6.6631E+00  5.1537E-01
  2.9000E+01  0.0000E+00  0.0000E+00  1.9826E+01  1.5835E+01  3.9910E+00 -5.2885E-01
  2.9000E+01  0.0000E+00  0.0000E+00  2.0826E+01  1.5341E+01  5.4854E+00  3.9681E-01
  2.9000E+01  0.0000E+00  0.0000E+00  1.5063E+01  1.3469E+01  1.5942E+00 -6.8508E-01
  2.9000E+01  0.0000E+00  0.0000E+00  7.3069E+00  9.0777E+00 -1.7708E+00 -8.0504E-01
  2.9000E+01  0.0000E+00  0.0000E+00  5.1684E+00  6.1169E+00 -9.4855E-01  2.5288E-01
  2.9000E+01  0.0000E+00  0.0000E+00  8.8218E-01  4.1219E+00 -3.2397E+00 -6.0672E-01
  2.9000E+01  0.0000E+00  0.0000E+00  2.9423E+00  2.7775E+00  1.6480E-01  1.0144E+00
  2.9000E+01  0.0000E+00  0.0000E+00 -2.7838E+00  1.8716E+00 -4.6554E+00 -1.3719E+00
  3.0000E+01  1.0000E+00  2.0000E+00  0.0000E+00  0.0000E+00  0.0000E+00  0.0000E+00
  3.0000E+01  1.0000E+00  2.0000E+00 -9.0287E-01  0.0000E+00 -9.0287E-01 -4.2870E-01
  3.0000E+01  1.0000E+00  2.0000E+00  1.7451E+01  9.2088E+00  8.2422E+00  2.1903E+00
  3.0000E+01  1.0000E+00  2.0000E+00  2.4578E+01  1.4290E+01  1.0288E+01  2.2363E+00
  3.0000E+01  1.0000E+00  2.0000E+00  2.4207E+01  1.7032E+01  7.1751E+00  2.8504E-01
  3.0000E+01  1.0000E+00  2.0000E+00  2.2163E+01  1.8447E+01  3.7155E+00 -1.5759E+00
  3.0000E+01  1.0000E+00  2.0000E+00  2.4877E+01  1.9113E+01  5.7641E+00 -6.7779E-01
  3.0000E+01  1.0000E+00  2.0000E+00  2.6577E+01  1.9355E+01  7.2224E+00  2.0377E-02
  3.0000E+01  1.0000E+00  2.0000E+00  2.7905E+01  1.9358E+01  8.5470E+00  6.9953E-01
  3.0000E+01  1.0000E+00  2.0000E+00  2.4001E+01  1.9228E+01  4.7727E+00 -1.0182E+00
  3.0000E+01  1.0000E+00  2.0000E+00  2.6700E+01  1.9025E+01  7.6749E+00  4.4673E-01
  3.0000E+01  1.0000E+00  2.0000E+00  2.7140E+01  1.8782E+01  8.3578E+00  8.6401E-01
  3.0000E+01  1.0000E+00  2.0000E+00  2.9381E+01  1.8519E+01  1.0862E+01  2.1486E+00
  3.0000E+01  1.0000E+00  2.0000E+00  2.6894E+01  1.8246E+01  8.6482E+00  1.1931E+00
  3.0000E+01  1.0000E+00  2.0000E+00  1.8749E+01  1.7146E+01  1.6033E+00 -1.7818E+00
  3.0000E+01  1.0000E+00  2.0000E+00  1.8435E+01  1.4178E+01  4.2566E+00  4.0221E-01
  3.0000E+01  1.0000E+00  2.0000E+00  1.5779E+01  1.1723E+01  4.0561E+00  9.8768E-01
  3.0000E+01  1.0000E+00  2.0000E+00  8.8467E+00  9.6927E+00 -8.4598E-01 -8.4647E-01
  3.0000E+01  1.0000E+00  2.0000E+00  6.6639E+00  8.0141E+00 -1.3502E+00 -7.3518E-01
  3.0000E+01  1.0000E+00  2.0000E+00  8.8855E+00  6.6261E+00  2.2594E+00  1.2213E+00
  3.1000E+01  0.0000E+00  0.0000E+00  0.0000E+00  0.0000E+00  0.0000E+00  0.0000E+00
  3.1000E+01  0.0000E+00  0.0000E+00 -1.7821E+00  0.0000E+00 -1.7821E+00 -8.4618E-01
  3.1000E+01  0.0000E+00  0.0000E+00  1.8485E+01  9.1510E+00  9.3340E+00  8.3717E-01
  3.1000E+01  0.0000E+00  0.0000E+00  3.3277E+01  1.4097E+01  1.9180E+01  3.6779E+00
  3.1000E+01  0.0000E+00  0.0000E+00  3.6978E+01  1.6664E+01  2.0314E+01  3.3729E+00
  3.1000E+01  0.0000E+00  0.0000E+00  3.7037E+01  1.7886E+01  1.9151E+01  2.5309E+00
  3.1000E+01  0.0000E+00  0.0000E+00  3.6272E+01  1.8352E+01  1.7920E+01  1.9634E+00
  3.1000E+01  0.0000E+00  0.0000E+00  3.4936E+01  1.8395E+01  1.6541E+01  1.4921E+00
  3.1000E+01  0.0000E+00  0.0000E+00  3.0204E+01  1.8204E+01  1.2000E+01 -3.9348E-01
  3.1000E+01  0.0000E+00  0.0000E+00  2.9828E+01  1.7885E+01  1.1943E+01 -1.0799E-01
  3.1000E+01  0.0000E+00  0.0000E+00  2.7691E+01  1.7501E+01  1.0190E+01 -6.0986E-01
  3.1000E+01  0.0000E+00  0.0000E+00  2.5313E+01  1.7083E+01  8.2295E+00 -1.2076E+00
  3.1000E+01  0.0000E+00  0.0000E+00  2.3014E+01  1.6654E+01  6.3605E+00 -1.7662E+00
  3.1000E+01  0.0000E+00  0.0000E+00  2.1266E+01  1.6221E+01  5.0445E+00 -2.0708E+00
  3.1000E+01  0.0000E+00  0.0000E+00  2.0363E+01  1.4558E+01  5.8054E+00 -5.4288E-01
  3.1000E+01  0.0000E+00  0.0000E+00  1.1131E+01  1.0481E+01  6.5046E-01 -5.3033E-01
  3.1000E+01  0.0000E+00  0.0000E+00  6.9905E+00  7.5440E+00 -5.5345E-01  2.3916E-01
  3.1000E+01  0.0000E+00  0.0000E+00  3.9159E+00  5.4302E+00 -1.5143E+00  4.3840E-01
  3.1000E+01  0.0000E+00  0.0000E+00  1.6638E+00  3.9087E+00 -2.2449E+00  3.4024E-01
  3.1000E+01  0.0000E+00  0.0000E+00  1.7494E+00  2.8135E+00 -1.0641E+00  9.1939E-01
  3.2000E+01  1.0000E+00  0.0000E+00  0.0000E+00  0.0000E+00  0.0000E+00  0.0000E+00
  3.2000E+01  1.0000E+00  0.0000E+00  1.0018E+00  0.0000E+00  1.0018E+00  4.7568E-01
  3.2000E+01  1.0000E+00  0.0000E+00  8.0357E+00  9.1938E+00 -1.1581E+00  1.5742E-01
  3.2000E+01  1.0000E+00  0.0000E+00  1.2708E+01  1.4240E+01 -1.5321E+00  3.6669E-01
  3.2000E+01  1.0000E+00  0.0000E+00  1.0325E+01  1.6936E+01 -6.6108E+00 -1.8395E+00
  3.2000E+01  1.0000E+00  0.0000E+00  1.4064E+01  1.8301E+01 -4.2365E+00 -6.0958E-01
  3.2000E+01  1.0000E+00  0.0000E+00  1.5101E+01  1.8913E+01 -3.8120E+00 -3.6347E-01
  3.2000E+01  1.0000E+00  0.0000E+00  1.3224E+01  1.9101E+01 -5.8775E+00 -1.3324E+00
  3.2000E+01  1.0000E+00  0.0000E+00  1.9117E+01  1.9052E+01  6.4676E-02  1.4827E+00
  3.2000E+01  1.0000E+00  0.0000E+00  2.0069E+01  1.8871E+01  1.1978E+00  2.0042E+00
  3.2000E+01  1.0000E+00  0.0000E+00  1.5564E+01  1.8618E+01 -3.0541E+00 -3.6662E-02
  3.2000E+01  1.0000E+00  0.0000E+00  1.6481E+01  1.8327E+01 -1.8459E+00  5.1220E-01
  3.2000E+01  1.0000E+00  0.0000E+00  1.0801E+01  1.8017E+01 -7.2159E+00 -2.0638E+00
  3.2000E+01  1.0000E+00  0.0000E+00  1.3857E+01  1.7699E+01 -3.8418E+00 -4.8838E-01
  3.2000E+01  1.0000E+00  0.0000E+00  1.6993E+01  1.6435E+01  5.5805E-01  1.4955E+00
  3.2000E+01  1.0000E+00  0.0000E+00  8.5125E+00  1.3113E+01 -4.6000E+00 -1.2262E+00
  3.2000E+01  1.0000E+00  0.0000E+00  6.1176E+00  1.0460E+01 -4.3425E+00 -1.3167E+00
  3.2000E+01  1.0000E+00  0.0000E+00  4.8748E+00  8.3442E+00 -3.4694E+00 -1.0681E+00
  3.2000E+01  1.0000E+00  0.0000E+00  4.6135E+00  6.6564E+00 -2.0429E+00 -5.1995E-01
  3.2000E+01  1.0000E+00  0.0000E+00  3.4718E+00  5.3099E+00 -1.8381E+00 -5.2340E-01
  3.3000E+01  0.0000E+00  0.0000E+00  0.0000E+00  0.0000E+00  0.0000E+00  0.0000E+00
  3.3000E+01  0.0000E+00  0.0000E+00 -9.3861E-01  0.0000E+00 -9.3861E-01 -4.4567E-01
  3.3000E+01  0.0000E+00  0.0000E+00  1.8521E+00  9.1273E+00 -7.2752E+00 -1.2761E+00
  3.3000E+01  0.0000E+00  0.0000E+00  6.3132E+00  1.4019E+01 -7.7054E+00 -3.7361E-01
  3.3000E+01  0.0000E+00  0.0000E+00  7.0153E+00  1.6515E+01 -9.4997E+00 -7.2100E-01
  3.3000E+01  0.0000E+00  0.0000E+00  8.8027E+00  1.7661E+01 -8.8583E+00 -2.4786E-01
  3.3000E+01  0.0000E+00  0.0000E+00  8.9689E+00  1.8049E+01 -9.0802E+00 -3.6984E-01
  3.3000E+01  0.0000E+00  0.0000E+00  8.7293E+00  1.8015E+01 -9.2862E+00 -5.8400E-01
  3.3000E+01  0.0000E+00  0.0000E+00  1.1263E+01  1.7750E+01 -6.4875E+00  5.7695E-01
  3.3000E+01  0.0000E+00  0.0000E+00  8.1273E+00  1.7362E+01 -9.2346E+00 -9.1982E-01
  3.3000E+01  0.0000E+00  0.0000E+00  1.1378E+01  1.6911E+01 -5.5328E+00  6.3633E-01
  3.3000E+01  0.0000E+00  0.0000E+00  8.3773E+00  1.6431E+01 -8.0542E+00 -7.6319E-01
  3.3000E+01  0.0000E+00  0.0000E+00  9.0420E+00  1.5943E+01 -6.9012E+00 -4.1422E-01
  3.3000E+01  0.0000E+00  0.0000E+00  7.2758E+00  1.5457E+01 -8.1809E+00 -1.2141E+00
  3.3000E+01  0.0000E+00  0.0000E+00  7.8119E+00  1.3611E+01 -5.7991E+00 -7.7406E-01
  3.3000E+01  0.0000E+00  0.0000E+00  9.6615E+00  9.2557E+00  4.0580E-01  7.7685E-01
  3.3000E+01  0.0000E+00  0.0000E+00  5.2489E+00  6.2928E+00 -1.0439E+00 -6.1665E-01
  3.3000E+01  0.0000E+00  0.0000E+00  3.4234E+00  4.2784E+00 -8.5496E-01 -8.4049E-01
  3.3000E+01  0.0000E+00  0.0000E+00  4.2412E+00  2.9088E+00  1.3324E+00  9.7717E-02
  3.3000E+01  0.0000E+00  0.0000E+00  3.5735E+00  1.9776E+00  1.5959E+00  2.3122E-01
  3.4000E+01  0.0000E+00  2.0000E+00  0.0000E+00  0.0000E+00  0.0000E+00  0.0000E+00
  3.4000E+01  0.0000E+00  2.0000E+00  1.2388E-01  0.0000E+00  1.2388E-01  5.8821E-02
  3.4000E+01  0.0000E+00  2.0000E+00  8.0261E+00  9.1470E+00 -1.1209E+00  4.0008E-01
  3.4000E+01  0.0000E+00  2.0000E+00  1.0579E+01  1.4084E+01 -3.5049E+00 -2.6142E-01
  3.4000E+01  0.0000E+00  2.0000E+00  1.0939E+01  1.6638E+01 -5.6995E+00 -1.0925E+00
  3.4000E+01  0.0000E+00  2.0000E+00  1.5004E+01  1.7848E+01 -2.8439E+00  3.2944E-01
  3.4000E+01  0.0000E+00  2.0000E+00  1.5191E+01  1.8301E+01 -3.1095E+00  1.8950E-01
  3.4000E+01  0.0000E+00  2.0000E+00  1.4960E+01  1.8330E+01 -3.3702E+00  8.8779E-03
  3.4000E+01  0.0000E+00  2.0000E+00  1.5977E+01  1.8126E+01 -2.1491E+00  5.0955E-01
  3.4000E+01  0.0000E+00  2.0000E+00  1.3207E+01  1.7796E+01 -4.5885E+00 -7.3839E-01
  3.4000E+01  0.0000E+00  2.0000E+00  1.2856E+01  1.7399E+01 -4.5431E+00 -8.1046E-01
  3.4000E+01  0.0000E+00  2.0000E+00  1.4392E+01  1.6971E+01 -2.5791E+00  2.8132E-02
  3.4000E+01  0.0000E+00  2.0000E+00  1.6188E+01  1.6531E+01 -3.4287E-01  9.9768E-01
  3.4000E+01  0.0000E+00  2.0000E+00  1.1270E+01  1.6089E+01 -4.8191E+00 -1.2173E+00
  3.4000E+01  0.0000E+00  2.0000E+00  1.1940E+01  1.4393E+01 -2.4526E+00 -4.1739E-01
  3.4000E+01  0.0000E+00  2.0000E+00  1.0470E+01  1.0262E+01  2.0795E-01  1.7878E-01
  3.4000E+01  0.0000E+00  2.0000E+00  1.0209E+01  7.3156E+00  2.8934E+00  1.1081E+00
  3.4000E+01  0.0000E+00  2.0000E+00  6.1807E+00  5.2151E+00  9.6558E-01  3.8927E-02
  3.4000E+01  0.0000E+00  2.0000E+00  3.8115E+00  3.7177E+00  9.3756E-02 -4.1862E-01
  3.4000E+01  0.0000E+00  2.0000E+00  6.3227E+00  2.6503E+00  3.6724E+00  1.2966E+00
  3.5000E+01  0.0000E+00  0.0000E+00  0.0000E+00  0.0000E+00  0.0000E+00  0.0000E+00
  3.5000E+01  0.0000E+00  0.0000E+00  8.1160E-01  0.0000E+00  8.1160E-01  3.8537E-01
  3.5000E+01  0.0000E+00  0.0000E+00  1.2032E+01  9.1321E+00  2.8999E+00  8.2414E-02
  3.5000E+01  0.0000E+00  0.0000E+00  1.8392E+01  1.4035E+01  4.3575E+00  1.3139E-01
  3.5000E+01  0.0000E+00  0.0000E+00  2.2469E+01  1.6545E+01  5.9240E+00  5.9738E-01
  3.5000E+01  0.0000E+00  0.0000E+00  2.7565E+01  1.7706E+01  9.8586E+00  2.3909E+00
  3.5000E+01  0.0000E+00  0.0000E+00  2.4711E+01  1.8110E+01  6.6009E+00  8.8060E-01
  3.5000E+01  0.0000E+00  0.0000E+00  2.2949E+01  1.8092E+01  4.8573E+00  1.4847E-01
  3.5000E+01  0.0000E+00  0.0000E+00  2.2404E+01  1.7841E+01  4.5627E+00  1.3426E-01
  3.5000E+01  0.0000E+00  0.0000E+00  2.3093E+01  1.7467E+01  5.6264E+00  7.7843E-01
  3.5000E+01  0.0000E+00  0.0000E+00  2.2574E+01  1.7029E+01  5.5455E+00  8.8333E-01
  3.5000E+01  0.0000E+00  0.0000E+00  1.5325E+01  1.6561E+01 -1.2364E+00 -2.1944E+00
  3.5000E+01  0.0000E+00  0.0000E+00  1.9093E+01  1.6084E+01  3.0085E+00 -3.9940E-02
  3.5000E+01  0.0000E+00  0.0000E+00  1.4554E+01  1.5609E+01 -1.0545E+00 -1.8353E+00
  3.5000E+01  0.0000E+00  0.0000E+00  1.4750E+01  1.3798E+01  9.5246E-01 -4.0571E-01
  3.5000E+01  0.0000E+00  0.0000E+00  9.6497E+00  9.4915E+00  1.5817E-01  1.5161E-01
  3.5000E+01  0.0000E+00  0.0000E+00  2.5588E+00  6.5281E+00 -3.9693E+00 -1.3734E+00
  3.5000E+01  0.0000E+00  0.0000E+00  3.3053E+00  4.4899E+00 -1.1846E+00  1.0464E-01
  3.5000E+01  0.0000E+00  0.0000E+00  3.1394E+00  3.0881E+00  5.1294E-02  7.0017E-01
  3.5000E+01  0.0000E+00  0.0000E+00  1.0777E+00  2.1239E+00 -1.0462E+00  1.1726E-01
  3.6000E+01  1.0000E+00  2.0000E+00  0.0000E+00  0.0000E+00  0.0000E+00  0.0000E+00
  3.6000E+01  1.0000E+00  2.0000E+00  2.8034E-01  0.0000E+00  2.8034E-01  1.3311E-01
  3.6000E+01  1.0000E+00  2.0000E+00  4.4857E+00  9.2034E+00 -4.7177E+00 -6.9131E-01
  3.6000E+01  1.0000E+00  2.0000E+00  5.8377E+00  1.4272E+01 -8.4347E+00 -1.6304E+00
  3.6000E+01  1.0000E+00  2.0000E+00  8.4950E+00  1.6997E+01 -8.5025E+00 -1.2457E+00
  3.6000E+01  1.0000E+00  2.0000E+00  1.2838E+01  1.8395E+01 -5.5568E+00  3.3910E-01
  3.6000E+01  1.0000E+00  2.0000E+00  9.6088E+00  1.9041E+01 -9.4324E+00 -1.4447E+00
  3.6000E+01  1.0000E+00  2.0000E+00  1.4801E+01  1.9264E+01 -4.4627E+00  8.9911E-01
  3.6000E+01  1.0000E+00  2.0000E+00  1.6512E+01  1.9248E+01 -2.7362E+00  1.6632E+00
  3.6000E+01  1.0000E+00  2.0000E+00  1.5501E+01  1.9100E+01 -3.5989E+00  1.1764E+00
  3.6000E+01  1.0000E+00  2.0000E+00  1.1642E+01  1.8879E+01 -7.2366E+00 -6.3903E-01
  3.6000E+01  1.0000E+00  2.0000E+00  1.2915E+01  1.8618E+01 -5.7032E+00 -4.1267E-03
  3.6000E+01  1.0000E+00  2.0000E+00  8.8827E+00  1.8338E+01 -9.4551E+00 -1.8806E+00
  3.6000E+01  1.0000E+00  2.0000E+00  1.2124E+01  1.8048E+01 -5.9244E+00 -2.9897E-01
  3.6000E+01  1.0000E+00  2.0000E+00  9.9651E+00  1.6888E+01 -6.9231E+00 -1.1370E+00
  3.6000E+01  1.0000E+00  2.0000E+00  1.2196E+01  1.3788E+01 -1.5919E+00  5.0284E-01
  3.6000E+01  1.0000E+00  2.0000E+00  1.0926E+01  1.1255E+01 -3.2903E-01  4.6561E-01
  3.6000E+01  1.0000E+00  2.0000E+00  8.1208E+00  9.1875E+00 -1.0667E+00 -3.2999E-01
  3.6000E+01  1.0000E+00  2.0000E+00  7.9105E+00  7.4997E+00  4.1079E-01  6.8823E-02
  3.6000E+01  1.0000E+00  2.0000E+00  7.1146E+00  6.1220E+00  9.9260E-01  1.4763E-01
  3.7000E+01  1.0000E+00  1.0000E+00  0.0000E+00  0.0000E+00  0.0000E+00  0.0000E+00
  3.7000E+01  1.0000E+00  1.0000E+00  5.4183E-01  0.0000E+00  5.4183E-01  2.5727E-01
  3.7000E+01  1.0000E+00  1.0000E+00  8.4127E+00  9.2062E+00 -7.9351E-01  3.2069E-01
  3.7000E+01  1.0000E+00  1.0000E+00  1.3780E+01  1.4282E+01 -5.0172E-01  8.2815E-01
  3.7000E+01  1.0000E+00  1.0000E+00  1.5235E+01  1.7015E+01 -1.7803E+00  4.0419E-01
  3.7000E+01  1.0000E+00  1.0000E+00  1.4094E+01  1.8422E+01 -4.3282E+00 -7.2721E-01
  3.7000E+01  1.0000E+00  1.0000E+00  1.7997E+01  1.9078E+01 -1.0814E+00  8.3403E-01
  3.7000E+01  1.0000E+00  1.0000E+00  1.7881E+01  1.9311E+01 -1.4299E+00  6.5542E-01
  3.7000E+01  1.0000E+00  1.0000E+00  1.2514E+01  1.9305E+01 -6.7912E+00 -1.9213E+00
  3.7000E+01  1.0000E+00  1.0000E+00  1.3030E+01  1.9167E+01 -6.1365E+00 -1.6511E+00
  3.7000E+01  1.0000E+00  1.0000E+00  1.7938E+01  1.8955E+01 -1.0166E+00  7.3448E-01
  3.7000E+01  1.0000E+00  1.0000E+00  1.7317E+01  1.8703E+01 -1.3863E+00  5.1133E-01
  3.7000E+01  1.0000E+00  1.0000E+00  1.5202E+01  1.8432E+01 -3.2297E+00 -4.1223E-01
  3.7000E+01  1.0000E+00  1.0000E+00  1.3130E+01  1.8151E+01 -5.0207E+00 -1.3107E+00
  3.7000E+01  1.0000E+00  1.0000E+00  1.4758E+01  1.7021E+01 -2.2635E+00 -1.8519E-01
  3.7000E+01  1.0000E+00  1.0000E+00  1.5875E+01  1.3989E+01  1.8856E+00  1.3372E+00
  3.7000E+01  1.0000E+00  1.0000E+00  1.1659E+01  1.1496E+01  1.6323E-01  2.0298E-01
  3.7000E+01  1.0000E+00  1.0000E+00  9.4002E+00  9.4466E+00 -4.6406E-02 -1.1424E-01
  3.7000E+01  1.0000E+00  1.0000E+00  7.8941E+00  7.7627E+00  1.3139E-01 -1.7388E-01
  3.7000E+01  1.0000E+00  1.0000E+00  9.6308E+00  6.3790E+00  3.2518E+00  1.2180E+00
  3.8000E+01  1.0000E+00  1.0000E+00  0.0000E+00  0.0000E+00  0.0000E+00  0.0000E+00
  3.8000E+01  1.0000E+00  1.0000E+00 -4.0024E-01  0.0000E+00 -4.0024E-01 -1.9004E-01
  3.8000E+01  1.0000E+00  1.0000E+00  6.7693E+00  9.2001E+00 -2.4308E+00  4.7245E-01
  3.8000E+01  1.0000E+00  1.0000E+00  1.0703E+01  1.4261E+01 -3.5581E+00  8.1472E-01
  3.8000E+01  1.0000E+00  1.0000E+00  8.8319E+00  1.6976E+01 -8.1441E+00 -9.0924E-01
  3.8000E+01  1.0000E+00  1.0000E+00  8.2934E+00  1.8362E+01 -1.0069E+01 -1.6091E+00
  3.8000E+01  1.0000E+00  1.0000E+00  1.4794E+01  1.8996E+01 -4.2024E+00  1.2553E+00
  3.8000E+01  1.0000E+00  1.0000E+00  1.4877E+01  1.9207E+01 -4.3301E+00  1.1982E+00
  3.8000E+01  1.0000E+00  1.0000E+00  1.3593E+01  1.9180E+01 -5.5868E+00  5.6311E-01
  3.8000E+01  1.0000E+00  1.0000E+00  9.6101E+00  1.9020E+01 -9.4099E+00 -1.3134E+00
  3.8000E+01  1.0000E+00  1.0000E+00  1.2827E+01  1.8788E+01 -5.9605E+00  2.5130E-01
  3.8000E+01  1.0000E+00  1.0000E+00  1.2794E+01  1.8516E+01 -5.7223E+00  2.8540E-01
  3.8000E+01  1.0000E+00  1.0000E+00  6.9577E+00  1.8225E+01 -1.1268E+01 -2.4292E+00
  3.8000E+01  1.0000E+00  1.0000E+00  9.6546E+00  1.7926E+01 -8.2713E+00 -1.0883E+00
  3.8000E+01  1.0000E+00  1.0000E+00  1.0004E+01  1.6729E+01 -6.7250E+00 -6.7095E-01
  3.8000E+01  1.0000E+00  1.0000E+00  6.1189E+00  1.3549E+01 -7.4300E+00 -1.7956E+00
  3.8000E+01  1.0000E+00  1.0000E+00  8.4987E+00  1.0972E+01 -2.4730E+00 -2.2796E-02
  3.8000E+01  1.0000E+00  1.0000E+00  4.8899E+00  8.8847E+00 -3.9948E+00 -1.1680E+00
  3.8000E+01  1.0000E+00  1.0000E+00  6.4896E+00  7.1947E+00 -7.0508E-01  9.0548E-02
  3.8000E+01  1.0000E+00  1.0000E+00  4.6586E+00  5.8261E+00 -1.1675E+00 -3.4344E-01
  3.9000E+01  1.0000E+00  0.0000E+00  0.0000E+00  0.0000E+00  0.0000E+00  0.0000E+00
  3.9000E+01  1.0000E+00  0.0000E+00  1.4333E+00  0.0000E+00  1.4333E+00  6.8056E-01
  3.9000E+01  1.0000E+00  0.0000E+00  1.0420E+01  9.1778E+00  1.2422E+00 -1.0960E+00
  3.9000E+01  1.0000E+00  0.0000E+00  1.9124E+01  1.4187E+01  4.9374E+00 -2.3402E-01
  3.9000E+01  1.0000E+00  0.0000E+00  2.1561E+01  1.6834E+01  4.7273E+00 -7.7812E-01
  3.9000E+01  1.0000E+00  0.0000E+00  2.4694E+01  1.8145E+01  6.5494E+00 -1.0489E-01
  3.9000E+01  1.0000E+00  0.0000E+00  2.5208E+01  1.8701E+01  6.5065E+00 -1.7576E-01
  3.9000E+01  1.0000E+00  0.0000E+00  3.3445E+01  1.8834E+01  1.4611E+01  3.7001E+00
  3.9000E+01  1.0000E+00  0.0000E+00  2.1875E+01  1.8731E+01  3.1443E+00 -1.6737E+00
  3.9000E+01  1.0000E+00  0.0000E+00  2.4767E+01  1.8497E+01  6.2703E+00 -9.6291E-02
  3.9000E+01  1.0000E+00  0.0000E+00  2.8667E+01  1.8192E+01  1.0475E+01  2.0042E+00
  3.9000E+01  1.0000E+00  0.0000E+00  3.2780E+01  1.7852E+01  1.4928E+01  4.2276E+00
  3.9000E+01  1.0000E+00  0.0000E+00  2.1074E+01  1.7495E+01  3.5791E+00 -1.0511E+00
  3.9000E+01  1.0000E+00  0.0000E+00  1.6422E+01  1.7132E+01 -7.0979E-01 -2.9786E+00
  3.9000E+01  1.0000E+00  0.0000E+00  2.3942E+01  1.5707E+01  8.2350E+00  1.6800E+00
  3.9000E+01  1.0000E+00  0.0000E+00  1.5698E+01  1.2060E+01  3.6378E+00  4.5789E-01
  3.9000E+01  1.0000E+00  0.0000E+00  1.2305E+01  9.2585E+00  3.0465E+00  8.1213E-01
  3.9000E+01  1.0000E+00  0.0000E+00  6.6410E+00  7.1077E+00 -4.6674E-01 -4.4752E-01
  3.9000E+01  1.0000E+00  0.0000E+00  6.3535E+00  5.4566E+00  8.9692E-01  4.5292E-01
  3.9000E+01  1.0000E+00  0.0000E+00  4.5520E+00  4.1890E+00  3.6300E-01  3.4702E-01
  4.0000E+01  1.0000E+00  0.0000E+00  0.0000E+00  0.0000E+00  0.0000E+00  0.0000E+00
  4.0000E+01  1.0000E+00  0.0000E+00 -9.1684E-01  0.0000E+00 -9.1684E-01 -4.3534E-01
  4.0000E+01  1.0000E+00  0.0000E+00  1.2425E+01  9.2076E+00  3.2174E+00 -2.2603E-01
  4.0000E+01  1.0000E+00  0.0000E+00  2.1081E+01  1.4286E+01  6.7945E+00  5.4068E-01
  4.0000E+01  1.0000E+00  0.0000E+00  2.3132E+01  1.7024E+01  6.1076E+00 -2.5242E-01
  4.0000E+01  1.0000E+00  0.0000E+00  2.8249E+01  1.8436E+01  9.8130E+00  1.3023E+00
  4.0000E+01  1.0000E+00  0.0000E+00  3.1272E+01  1.9097E+01  1.2175E+01  2.3665E+00
  4.0000E+01  1.0000E+00  0.0000E+00  2.4474E+01  1.9335E+01  5.1392E+00 -9.4929E-01
  4.0000E+01  1.0000E+00  0.0000E+00  2.8331E+01  1.9334E+01  8.9969E+00  9.5249E-01
  4.0000E+01  1.0000E+00  0.0000E+00  2.7141E+01  1.9200E+01  7.9406E+00  5.4524E-01
  4.0000E+01  1.0000E+00  0.0000E+00  2.7214E+01  1.8993E+01  8.2208E+00  7.8490E-01
  4.0000E+01  1.0000E+00  0.0000E+00  2.4786E+01  1.8746E+01  6.0395E+00 -1.3853E-01
  4.0000E+01  1.0000E+00  0.0000E+00  2.7226E+01  1.8479E+01  8.7466E+00  1.2611E+00
  4.0000E+01  1.0000E+00  0.0000E+00  2.0500E+01  1.8203E+01  2.2973E+00 -1.6873E+00
  4.0000E+01  1.0000E+00  0.0000E+00  1.9212E+01  1.7089E+01  2.1226E+00 -1.3332E+00
  4.0000E+01  1.0000E+00  0.0000E+00  2.0613E+01  1.4093E+01  6.5203E+00  1.8283E+00
  4.0000E+01  1.0000E+00  0.0000E+00  7.2206E+00  1.1620E+01 -4.3991E+00 -2.5874E+00
  4.0000E+01  1.0000E+00  0.0000E+00  7.5401E+00  9.5807E+00 -2.0406E+00 -9.2930E-01
  4.0000E+01  1.0000E+00  0.0000E+00  7.1073E+00  7.8994E+00 -7.9215E-01  2.8149E-02
  4.0000E+01  1.0000E+00  0.0000E+00  5.4313E+00  6.5132E+00 -1.0819E+00  1.2601E-01
